message_number;message_time_s;ellipse_factor;prev_real_position_0_0;prev_real_position_0_1;prev_real_position_0_2;prev_real_position_0_3;prev_real_position_1_0;prev_real_position_1_1;prev_real_position_1_2;prev_real_position_1_3;prev_real_position_2_0;prev_real_position_2_1;prev_real_position_2_2;prev_real_position_2_3;np_0_0;np_0_1;np_0_2;np_0_3;np_1_0;np_1_1;np_1_2;np_1_3;np_2_0;np_2_1;np_2_2;np_2_3;velocity_0;velocity_1;velocity_2;acceleration_0;acceleration_1;acceleration_2;angular_velocity_0;angular_velocity_1;angular_velocity_2;angular_acceleration_0;angular_acceleration_1;angular_acceleration_2;
0;0;0.986691;0.032137;0.999378;0.014503;0.783734;0.999483;-0.032123;-0.001153;2.078829;-0.000687;0.014532;-0.999894;0.187214;0.032126;0.999376;0.014654;0.783705;0.999484;-0.032123;-0.000449;2.077935;0.000022;0.014660;-0.999893;0.187215;-0.014902;0.000000;-0.000000;-0.248373;0.000000;-0.000000;-0.002133;0.011809;0.000000;-0.035557;0.196814;0.000000;
1;0.053779;0.985334;0.032394;0.999370;0.014503;0.783717;0.999475;-0.032381;-0.001133;2.078304;-0.000663;0.014532;-0.999894;0.187214;0.032105;0.999373;0.014955;0.783677;0.999483;-0.032123;0.000959;2.077046;0.001439;0.014917;-0.999888;0.187215;-0.014828;0.000000;-0.000000;0.001241;-0.000000;0.000000;-0.004270;0.023617;0.000000;-0.035604;0.196805;0.000000;
2;0.113771;0.984801;0.032671;0.999360;0.014569;0.783689;0.999466;-0.032660;-0.000992;2.077015;-0.000516;0.014594;-0.999893;0.187221;0.032073;0.999367;0.015407;0.783648;0.999479;-0.032124;0.003071;2.076161;0.003564;0.015301;-0.999877;0.187213;-0.014754;0.000000;-0.000000;0.001235;0.000000;0.000000;-0.006401;0.035426;0.000000;-0.035525;0.196820;0.000000;
3;0.173699;0.987239;0.032623;0.999355;0.014985;0.783739;0.999468;-0.032626;-0.000025;2.075753;0.000463;0.014977;-0.999888;0.187253;0.032029;0.999359;0.016008;0.783620;0.999466;-0.032126;0.005888;2.075281;0.006398;0.015811;-0.999855;0.187210;-0.014680;0.000000;-0.000000;0.001229;0.000000;0.000000;-0.008510;0.047240;0.000000;-0.035146;0.196888;0.000000;
4;0.233837;0.989398;0.032496;0.999349;0.015675;0.783847;0.999461;-0.032566;0.004204;2.075170;0.004712;0.015530;-0.999868;0.187238;0.031970;0.999348;0.016754;0.783592;0.999439;-0.032131;0.009409;2.074405;0.009942;0.016444;-0.999815;0.187205;-0.014607;0.000000;-0.000000;0.001223;0.000000;0.000000;-0.010544;0.059066;0.000000;-0.033893;0.197107;0.000000;
5;0.2937;0.989398;0.032445;0.999338;0.016483;0.783959;0.999433;-0.032588;0.008488;2.074457;0.009020;0.016198;-0.999828;0.187199;0.031897;0.999335;0.017644;0.783564;0.999390;-0.032140;0.013636;2.073533;0.014194;0.017198;-0.999751;0.187196;-0.014534;0.000000;-0.000000;0.001217;0.000000;0.000000;-0.012577;0.070892;0.000000;-0.033893;0.197107;0.000000;
6;0.353904;0.982672;0.032298;0.999324;0.017580;0.784002;0.999386;-0.032529;0.013043;2.073671;0.013606;0.017148;-0.999760;0.187220;0.031807;0.999320;0.018675;0.783536;0.999310;-0.032154;0.018569;2.072666;0.019156;0.018071;-0.999653;0.187184;-0.014461;0.000000;-0.000000;0.001210;0.000000;0.000000;-0.014558;0.082728;0.000000;-0.033019;0.197256;0.000000;
7;0.413723;0.982672;0.032138;0.999308;0.018711;0.783873;0.999309;-0.032477;0.018104;2.072876;0.018699;0.018116;-0.999661;0.187262;0.031698;0.999300;0.019847;0.783509;0.999189;-0.032175;0.024206;2.071803;0.024828;0.019063;-0.999510;0.187167;-0.014389;0.000000;-0.000000;0.001204;-0.000000;0.000000;-0.016539;0.094563;0.000000;-0.033019;0.197256;0.000000;
8;0.473909;0.982672;0.032080;0.999289;0.019816;0.783719;0.999193;-0.032544;0.023549;2.071974;0.024177;0.019044;-0.999526;0.187220;0.031567;0.999278;0.021159;0.783482;0.999014;-0.032206;0.030549;2.070945;0.031208;0.020174;-0.999309;0.187146;-0.014317;0.000000;-0.000000;0.001198;0.000000;0.000000;-0.018520;0.106398;0.000000;-0.033019;0.197256;0.000000;
9;0.541734;0.979562;0.031727;0.999274;0.021083;0.783643;0.999036;-0.032345;0.029676;2.071182;0.030336;0.020121;-0.999337;0.187211;0.031412;0.999251;0.022608;0.783455;0.998773;-0.032247;0.037596;2.070091;0.038297;0.021400;-0.999037;0.187119;-0.014245;0.000000;-0.000000;0.001192;0.000000;0.000000;-0.020446;0.118243;0.000000;-0.032094;0.197408;0.000000;
10;0.601776;0.987788;0.031674;0.999244;0.022525;0.783514;0.998795;-0.032489;0.036788;2.070267;0.037492;0.021333;-0.999069;0.187174;0.031229;0.999219;0.024194;0.783428;0.998449;-0.032303;0.045347;2.069242;0.046093;0.022740;-0.998678;0.187086;-0.014174;0.000000;-0.000000;0.001186;0.000000;0.000000;-0.022372;0.130087;0.000000;-0.032099;0.197407;0.000000;
11;0.661696;0.987676;0.031504;0.999214;0.024065;0.783458;0.998485;-0.032550;0.044356;2.069380;0.045104;0.022631;-0.998726;0.187120;0.031016;0.999183;0.025918;0.783402;0.998027;-0.032375;0.053800;2.068397;0.054595;0.024198;-0.998215;0.187047;-0.014103;0.000000;-0.000000;0.001180;0.000000;0.000000;-0.024337;0.141925;0.000000;-0.032744;0.197301;0.000000;
12;0.721829;0.991144;0.031294;0.999178;0.025768;0.783455;0.998081;-0.032617;0.052639;2.068494;0.053436;0.024071;-0.998281;0.187102;0.030768;0.999140;0.027782;0.783375;0.997488;-0.032468;0.062954;2.067557;0.063802;0.025775;-0.997630;0.187001;-0.014033;0.000000;-0.000000;0.001173;0.000000;0.000000;-0.026332;0.153758;0.000000;-0.033263;0.197214;0.000000;
13;0.781857;0.990374;0.030982;0.999140;0.027547;0.783379;0.997561;-0.032634;0.061703;2.067682;0.062549;0.025568;-0.997714;0.187065;0.030482;0.999091;0.029785;0.783350;0.996814;-0.032583;0.072806;2.066721;0.073710;0.027470;-0.996901;0.186948;-0.013963;0.000000;-0.000000;0.001167;0.000000;0.000000;-0.028333;0.165590;0.000000;-0.033338;0.197202;0.000000;
14;0.841855;0.990445;0.030688;0.999092;0.029568;0.783371;0.996898;-0.032739;0.071573;2.066903;0.072476;0.027279;-0.996997;0.186966;0.030154;0.999035;0.031925;0.783324;0.995983;-0.032725;0.083354;2.065890;0.084318;0.029283;-0.996009;0.186887;-0.013893;0.000000;-0.000000;0.001161;0.000000;0.000000;-0.030319;0.177425;0.000000;-0.033109;0.197240;0.000000;
15;0.901753;0.986372;0.030334;0.999035;0.031759;0.783355;0.996090;-0.032852;0.082003;2.066039;0.082967;0.029147;-0.996126;0.186942;0.029778;0.998971;0.034202;0.783299;0.994972;-0.032898;0.094594;2.065064;0.095622;0.031214;-0.994928;0.186817;-0.013824;0.000000;-0.000000;0.001154;0.000000;0.000000;-0.032321;0.189257;0.000000;-0.033359;0.197198;0.000000;
16;0.961753;0.991568;0.029833;0.998977;0.033992;0.783329;0.995104;-0.032889;0.093205;2.065236;0.094227;0.031045;-0.995067;0.186877;0.029351;0.998898;0.036618;0.783275;0.993759;-0.033105;0.106523;2.064243;0.107618;0.033263;-0.993636;0.186738;-0.013755;0.000000;-0.000000;0.001147;0.000000;0.000000;-0.034354;0.201083;0.000000;-0.033878;0.197110;0.000000;
17;1.02171;0.988989;0.029400;0.998904;0.036416;0.783301;0.993924;-0.033080;0.104977;2.064342;0.106066;0.033108;-0.993808;0.186782;0.028867;0.998815;0.039177;0.783251;0.992318;-0.033352;0.119135;2.063427;0.120301;0.035437;-0.992105;0.186649;-0.013687;0.000000;-0.000000;0.001141;0.000000;0.000000;-0.036491;0.212892;0.000000;-0.035620;0.196802;0.000000;
18;1.0818;0.990558;0.028908;0.998825;0.038893;0.783261;0.992530;-0.033296;0.117368;2.063523;0.118525;0.035209;-0.992327;0.186703;0.028320;0.998721;0.041879;0.783227;0.990622;-0.033644;0.132425;2.062616;0.133664;0.037736;-0.990308;0.186551;-0.013619;0.000000;-0.000000;0.001133;0.000000;0.000000;-0.038653;0.224695;0.000000;-0.036037;0.196727;0.000000;
19;1.14166;0.990558;0.028341;0.998735;0.041547;0.783231;0.990864;-0.033552;0.130625;2.062731;0.131853;0.037465;-0.990561;0.186574;0.027706;0.998615;0.044722;0.783204;0.988644;-0.033985;0.146385;2.061810;0.147702;0.040158;-0.988216;0.186442;-0.013551;0.000000;-0.000000;0.001126;0.000000;0.000000;-0.040815;0.236499;0.000000;-0.036037;0.196727;0.000000;
20;1.20182;0.992566;0.027734;0.998628;0.044416;0.783244;0.988925;-0.033891;0.144493;2.061950;0.145800;0.039917;-0.988509;0.186513;0.027017;0.998496;0.047709;0.783181;0.986354;-0.034382;0.161008;2.061010;0.162406;0.042708;-0.985799;0.186323;-0.013484;0.000000;-0.000000;0.001119;0.000000;0.000000;-0.043053;0.248288;0.000000;-0.037292;0.196493;0.000000;
21;1.26172;0.994956;0.027075;0.998511;0.047363;0.783186;0.986670;-0.034299;0.159076;2.061104;0.160464;0.042425;-0.986130;0.186355;0.026249;0.998360;0.050871;0.783160;0.983724;-0.034846;0.176277;2.060216;0.177761;0.045416;-0.983025;0.186192;-0.013418;0.000000;-0.000000;0.001111;0.000000;0.000000;-0.045848;0.259958;0.000000;-0.046587;0.194498;0.000000;
22;1.32188;0.994956;0.026342;0.998380;0.050425;0.783154;0.984125;-0.034757;0.174042;2.060290;0.175513;0.045040;-0.983446;0.186191;0.025392;0.998207;0.054206;0.783139;0.980721;-0.035384;0.192183;2.059428;0.193756;0.048281;-0.979861;0.186050;-0.013351;0.000000;-0.000000;0.001103;0.000000;0.000000;-0.048643;0.271628;0.000000;-0.046587;0.194498;0.000000;
23;1.38174;0.992979;0.025515;0.998223;0.053848;0.783134;0.981133;-0.035331;0.190080;2.059550;0.191645;0.047982;-0.980291;0.186086;0.024523;0.998047;0.057450;0.783118;0.977609;-0.035955;0.207337;2.058646;0.208997;0.051079;-0.976581;0.185895;-0.013286;0.000000;-0.000000;0.001095;0.000000;0.000000;-0.047681;0.259667;0.000000;0.016044;-0.199355;-0.000000;
24;1.44183;0.987792;0.024627;0.998062;0.057140;0.783134;0.978002;-0.035896;0.205485;2.058762;0.207138;0.050823;-0.976991;0.185920;0.023645;0.997883;0.060583;0.783099;0.974420;-0.036552;0.221744;2.057871;0.223489;0.053790;-0.973221;0.185729;-0.013221;0.000000;-0.000000;0.001086;0.000000;0.000000;-0.046342;0.247742;0.000000;0.022309;-0.198752;-0.000000;
25;1.50187;0.995851;0.023793;0.997894;0.060336;0.783131;0.974807;-0.036546;0.220037;2.057957;0.221779;0.053581;-0.973624;0.185792;0.022767;0.997715;0.063610;0.783080;0.971186;-0.037170;0.235408;2.057102;0.237235;0.056417;-0.969813;0.185553;-0.013156;0.000000;-0.000000;0.001077;0.000000;0.000000;-0.045073;0.235809;0.000000;0.021152;-0.198878;-0.000000;
26;1.56175;0.993206;0.022843;0.997731;0.063336;0.783113;0.971592;-0.037083;0.233737;2.057204;0.235555;0.056197;-0.970235;0.185584;0.021893;0.997545;0.066518;0.783062;0.967936;-0.037802;0.248336;2.056339;0.250241;0.058949;-0.966387;0.185367;-0.013092;0.000000;-0.000000;0.001068;0.000000;0.000000;-0.043577;0.223903;0.000000;0.024929;-0.198440;-0.000000;
27;1.6218;0.993206;0.022000;0.997558;0.066294;0.783098;0.968313;-0.037761;0.246870;2.056454;0.248770;0.058762;-0.966778;0.185393;0.021029;0.997374;0.069310;0.783045;0.964700;-0.038445;0.260531;2.055582;0.262511;0.061384;-0.962974;0.185171;-0.013028;0.000000;-0.000000;0.001060;0.000000;0.000000;-0.042081;0.211996;0.000000;0.024929;-0.198440;-0.000000;
28;1.68177;0.996606;0.021194;0.997385;0.069092;0.783089;0.965064;-0.038461;0.259178;2.055717;0.261157;0.061186;-0.963355;0.185167;0.020181;0.997202;0.071981;0.783029;0.961503;-0.039092;0.272000;2.054832;0.274053;0.063721;-0.959601;0.184967;-0.012965;0.000000;-0.000000;0.001051;-0.000000;0.000000;-0.040508;0.200100;0.000000;0.026216;-0.198274;-0.000000;
29;1.74167;0.993913;0.020318;0.997212;0.071795;0.783075;0.961859;-0.039089;0.270737;2.054938;0.272788;0.063556;-0.959972;0.184987;0.019353;0.997031;0.074524;0.783013;0.958370;-0.039737;0.282749;2.054088;0.284871;0.065950;-0.956294;0.184755;-0.012903;0.000000;-0.000000;0.001042;0.000000;0.000000;-0.038780;0.188225;0.000000;0.028806;-0.197915;-0.000000;
30;1.80181;0.993913;0.019443;0.997038;0.074408;0.783057;0.958706;-0.039712;0.281614;2.054235;0.283735;0.065860;-0.956638;0.184780;0.018552;0.996863;0.076941;0.782998;0.955325;-0.040377;0.292785;2.053349;0.294973;0.068072;-0.953078;0.184535;-0.012841;0.000000;-0.000000;0.001034;0.000000;0.000000;-0.037052;0.176350;0.000000;0.028806;-0.197915;-0.000000;
31;1.8617;0.993913;0.018542;0.996860;0.076987;0.783074;0.955567;-0.040325;0.292003;2.053560;0.294190;0.068152;-0.953314;0.184632;0.017760;0.996694;0.079278;0.782984;0.952307;-0.041020;0.302372;2.052617;0.304624;0.070127;-0.949887;0.184309;-0.012779;0.000000;-0.000000;0.001026;0.000000;0.000000;-0.035990;0.169057;0.000000;0.017692;-0.121553;-0.000000;
32;1.92182;0.989550;0.017621;0.996680;0.079493;0.783122;0.952495;-0.040910;0.301794;2.052882;0.304044;0.070398;-0.950053;0.184437;0.017001;0.996531;0.081472;0.782971;0.949413;-0.041645;0.311258;2.051890;0.313571;0.072059;-0.946827;0.184077;-0.012718;0.000000;-0.000000;0.001017;0.000000;0.000000;-0.033958;0.157230;0.000000;0.033869;-0.197111;-0.000000;
33;1.98178;0.992899;0.016813;0.996499;0.081891;0.783145;0.949514;-0.041575;0.310957;2.052160;0.313273;0.072528;-0.946890;0.184274;0.016282;0.996373;0.083526;0.782958;0.946661;-0.042249;0.319449;2.051169;0.321819;0.073870;-0.943915;0.183839;-0.012657;0.000000;-0.000000;0.001009;0.000000;0.000000;-0.031917;0.145405;0.000000;0.034011;-0.197087;-0.000000;
34;2.04179;0.992899;0.016124;0.996353;0.083791;0.783080;0.946785;-0.042157;0.319093;2.051391;0.321462;0.074187;-0.944012;0.184005;0.015605;0.996221;0.085440;0.782945;0.944071;-0.042828;0.326949;2.050453;0.329373;0.075559;-0.941172;0.183595;-0.012597;0.000000;-0.000000;0.001001;0.000000;0.000000;-0.029877;0.133580;0.000000;0.034011;-0.197087;-0.000000;
35;2.11142;0.988592;0.015373;0.996221;0.085483;0.783038;0.944373;-0.042556;0.326112;2.050665;0.328518;0.075714;-0.941458;0.183712;0.014974;0.996077;0.087212;0.782934;0.941657;-0.043379;0.333766;2.049743;0.336240;0.077126;-0.938613;0.183347;-0.012538;0.000000;-0.000000;0.000994;-0.000000;0.000000;-0.027783;0.121764;0.000000;0.034894;-0.196933;-0.000000;
36;2.16987;0.988592;0.014856;0.996081;0.087190;0.782995;0.941850;-0.043217;0.333244;2.049935;0.335706;0.077169;-0.938801;0.183439;0.014393;0.995942;0.088844;0.782923;0.939435;-0.043898;0.339903;2.049038;0.342424;0.078571;-0.936254;0.183096;-0.012479;0.000000;-0.000000;0.000986;0.000000;0.000000;-0.025690;0.109948;0.000000;0.034894;-0.196933;-0.000000;
37;2.22987;0.988592;0.014272;0.995946;0.088813;0.782962;0.939646;-0.043726;0.339343;2.049173;0.341850;0.078610;-0.936461;0.183196;0.013866;0.995815;0.090337;0.782912;0.937418;-0.044383;0.345366;2.048338;0.347930;0.079895;-0.934110;0.182841;-0.012420;0.000000;-0.000000;0.000979;0.000000;0.000000;-0.023596;0.098132;0.000000;0.034894;-0.196933;-0.000000;
38;2.2898;0.976324;0.013741;0.995822;0.090274;0.782940;0.937629;-0.044197;0.344817;2.048452;0.347366;0.079906;-0.934319;0.182938;0.013394;0.995698;0.091689;0.782902;0.935617;-0.044831;0.350160;2.047643;0.352763;0.081096;-0.932192;0.182583;-0.012362;0.000000;-0.000000;0.000972;0.000000;0.000000;-0.021450;0.086325;0.000000;0.035766;-0.196776;-0.000000;
39;2.3499;0.975389;0.013290;0.995701;0.091665;0.782934;0.935762;-0.044692;0.349789;2.047781;0.352382;0.081128;-0.932333;0.182702;0.012981;0.995592;0.092890;0.782892;0.934041;-0.045234;0.354290;2.046952;0.356930;0.082163;-0.930511;0.182322;-0.012304;0.000000;-0.000000;0.000966;0.000000;0.000000;-0.019105;0.074557;0.000000;0.039091;-0.196143;-0.000000;
40;2.40979;0.975460;0.012861;0.995594;0.092880;0.782908;0.934169;-0.045090;0.353971;2.047046;0.356600;0.082213;-0.930633;0.182428;0.012629;0.995499;0.093923;0.782882;0.932699;-0.045587;0.357764;2.046266;0.360436;0.083084;-0.929077;0.182060;-0.012246;0.000000;-0.000000;0.000959;0.000000;0.000000;-0.016494;0.062844;0.000000;0.043516;-0.195208;-0.000000;
41;2.46972;0.969103;0.012505;0.995503;0.093896;0.782869;0.932819;-0.045435;0.357470;2.046348;0.360129;0.083118;-0.929193;0.182124;0.012327;0.995420;0.094801;0.782873;0.931549;-0.045889;0.360707;2.045584;0.363406;0.083865;-0.927849;0.181796;-0.012189;0.000000;-0.000000;0.000953;0.000000;0.000000;-0.014034;0.053311;0.000000;0.041000;-0.158879;-0.000000;
42;2.52979;0.974515;0.012212;0.995421;0.094800;0.782829;0.931619;-0.045766;0.360542;2.045694;0.363230;0.083914;-0.927913;0.181901;0.012037;0.995347;0.095600;0.782864;0.930444;-0.046166;0.363514;2.044906;0.366236;0.084575;-0.926671;0.181532;-0.012132;0.000000;-0.000000;0.000947;0.000000;0.000000;-0.012762;0.050868;0.000000;0.021195;-0.040717;-0.000000;
43;2.58991;0.971896;0.011929;0.995348;0.095606;0.782777;0.930548;-0.046045;0.363263;2.045036;0.365975;0.084632;-0.926768;0.181613;0.011751;0.995276;0.096371;0.782855;0.929356;-0.046436;0.366253;2.044232;0.368998;0.085259;-0.925511;0.181266;-0.012075;0.000000;-0.000000;0.000942;0.000000;0.000000;-0.012311;0.049708;0.000000;0.007514;-0.019334;-0.000000;
44;2.64978;0.964257;0.011651;0.995280;0.096347;0.782706;0.929480;-0.046307;0.365953;2.044370;0.368687;0.085289;-0.925632;0.181332;0.011474;0.995209;0.097097;0.782847;0.928305;-0.046692;0.368876;2.043561;0.371642;0.085903;-0.924393;0.181000;-0.012019;0.000000;-0.000000;0.000936;0.000000;0.000000;-0.011592;0.047654;0.000000;0.011982;-0.034235;-0.000000;
45;2.70972;0.961818;0.011387;0.995211;0.097082;0.782640;0.928396;-0.046585;0.368661;2.043725;0.371418;0.085933;-0.924480;0.181089;0.011198;0.995145;0.097783;0.782838;0.927256;-0.046935;0.371475;2.042895;0.374261;0.086510;-0.923279;0.180733;-0.011963;0.000000;-0.000000;0.000931;-0.000000;0.000000;-0.010960;0.047242;0.000000;0.010538;-0.006876;-0.000000;
46;2.76985;0.964138;0.011136;0.995146;0.097775;0.782575;0.927378;-0.046847;0.371181;2.043049;0.373960;0.086540;-0.923398;0.180791;0.010923;0.995084;0.098432;0.782830;0.926211;-0.047167;0.374043;2.042232;0.376847;0.087084;-0.922173;0.180466;-0.011908;0.000000;-0.000000;0.000925;0.000000;0.000000;-0.010354;0.046714;0.000000;0.010089;-0.008787;-0.000000;
47;2.82975;0.962131;0.010891;0.995092;0.098353;0.782496;0.926354;-0.047074;0.373701;2.042386;0.376497;0.087040;-0.922320;0.180511;0.010646;0.995025;0.099057;0.782823;0.925158;-0.047391;0.376611;2.041574;0.379432;0.087634;-0.921060;0.180198;-0.011853;0.000000;-0.000000;0.000920;0.000000;0.000000;-0.009951;0.046746;0.000000;0.006717;0.000520;-0.000000;
48;2.88978;0.957871;0.010652;0.995033;0.098973;0.782548;0.925332;-0.047324;0.376192;2.041711;0.379007;0.087576;-0.921240;0.180220;0.010361;0.994967;0.099671;0.782815;0.924073;-0.047613;0.379238;2.040919;0.382075;0.088174;-0.919915;0.179930;-0.011798;0.000000;-0.000000;0.000915;0.000000;0.000000;-0.009784;0.047851;0.000000;0.002783;0.018417;-0.000000;
49;2.94973;0.962249;0.010362;0.994967;0.099666;0.782629;0.924176;-0.047588;0.378991;2.041067;0.381827;0.088182;-0.920018;0.179976;0.010076;0.994910;0.100261;0.782808;0.922988;-0.047827;0.381844;2.040268;0.384696;0.088692;-0.918772;0.179660;-0.011743;0.000000;-0.000000;0.000910;0.000000;0.000000;-0.009395;0.047514;0.000000;0.006493;-0.005617;-0.000000;
50;3.0098;0.960855;0.010039;0.994902;0.100347;0.782718;0.923059;-0.047810;0.381675;2.040417;0.384526;0.088795;-0.918833;0.179772;0.009784;0.994858;0.100801;0.782801;0.921877;-0.048024;0.384496;2.039620;0.387360;0.089164;-0.917607;0.179390;-0.011689;0.000000;-0.000000;0.000904;0.000000;0.000000;-0.008566;0.048360;0.000000;0.013807;0.014106;-0.000000;
51;3.06972;0.955467;0.009744;0.994850;0.100891;0.782753;0.921957;-0.048004;0.384305;2.039758;0.387169;0.089272;-0.917677;0.179455;0.009493;0.994814;0.101265;0.782794;0.920768;-0.048193;0.387123;2.038977;0.389996;0.089566;-0.916450;0.179120;-0.011635;0.000000;-0.000000;0.000899;-0.000000;0.000000;-0.007301;0.047906;0.000000;0.021089;-0.007559;-0.000000;
52;3.12987;0.956834;0.009555;0.994817;0.101233;0.782757;0.920919;-0.048202;0.386762;2.039042;0.389637;0.089532;-0.916606;0.179157;0.009208;0.994774;0.101687;0.782787;0.919676;-0.048348;0.389690;2.038337;0.392569;0.089931;-0.915315;0.178849;-0.011581;0.000000;-0.000000;0.000894;0.000000;0.000000;-0.006636;0.046828;0.000000;0.011086;-0.017967;-0.000000;
53;3.18999;0.955740;0.009197;0.994765;0.101773;0.782795;0.919747;-0.048355;0.389522;2.038440;0.392404;0.090023;-0.915377;0.178947;0.008922;0.994736;0.102084;0.782781;0.918578;-0.048494;0.392254;2.037701;0.395139;0.090273;-0.914175;0.178578;-0.011528;0.000000;-0.000000;0.000889;0.000000;0.000000;-0.006231;0.046825;0.000000;0.006751;-0.000057;-0.000000;
54;3.2498;0.951468;0.008900;0.994724;0.102196;0.782778;0.918654;-0.048500;0.392074;2.037807;0.394962;0.090394;-0.914239;0.178625;0.008634;0.994698;0.102479;0.782775;0.917469;-0.048640;0.394823;2.037069;0.397714;0.090612;-0.913024;0.178305;-0.011475;0.000000;-0.000000;0.000884;-0.000000;0.000000;-0.006192;0.046965;0.000000;0.000650;0.002338;-0.000000;
55;3.30978;0.951468;0.008650;0.994689;0.102566;0.782766;0.917556;-0.048670;0.394616;2.037176;0.397512;0.090696;-0.913104;0.178375;0.008345;0.994660;0.102872;0.782769;0.916353;-0.048787;0.397388;2.036440;0.400285;0.090951;-0.911866;0.178033;-0.011422;0.000000;-0.000000;0.000878;0.000000;0.000000;-0.006192;0.046965;0.000000;-0.000000;-0.000000;-0.000000;
56;3.36984;0.951468;0.008341;0.994651;0.102954;0.782770;0.916447;-0.048795;0.397171;2.036554;0.400070;0.091039;-0.911952;0.178114;0.008054;0.994621;0.103265;0.782763;0.915229;-0.048935;0.399951;2.035815;0.402853;0.091290;-0.910701;0.177760;-0.011370;0.000000;-0.000000;0.000873;-0.000000;0.000000;-0.006192;0.046965;0.000000;-0.000000;0.000000;-0.000000;
57;3.42981;0.960177;0.008061;0.994617;0.103307;0.782769;0.915325;-0.048937;0.399731;2.035933;0.402634;0.091337;-0.910793;0.177797;0.007785;0.994598;0.103514;0.782758;0.914185;-0.049027;0.402321;2.035193;0.405222;0.091499;-0.909628;0.177486;-0.011318;0.000000;-0.000000;0.000868;0.000000;0.000000;-0.003825;0.043386;0.000000;0.039447;-0.059652;-0.000000;
58;3.4898;0.960177;0.007764;0.994585;0.103639;0.782776;0.914238;-0.049047;0.402198;2.035311;0.405103;0.091628;-0.909668;0.177532;0.007515;0.994574;0.103762;0.782752;0.913135;-0.049120;0.404688;2.034575;0.407589;0.091707;-0.908549;0.177212;-0.011266;0.000000;-0.000000;0.000863;-0.000000;0.000000;-0.003825;0.043386;0.000000;-0.000000;-0.000000;0.000000;
59;3.54987;0.958954;0.007509;0.994570;0.103803;0.782752;0.913282;-0.049098;0.404357;2.034661;0.407258;0.091765;-0.908691;0.177271;0.007243;0.994553;0.103983;0.782747;0.912071;-0.049203;0.407069;2.033961;0.409968;0.091892;-0.907459;0.176938;-0.011215;0.000000;-0.000000;0.000858;0.000000;0.000000;-0.003392;0.043675;0.000000;0.007209;0.004808;-0.000000;
60;3.60983;0.953385;0.007251;0.994549;0.104016;0.782760;0.912188;-0.049197;0.406808;2.034045;0.409708;0.091932;-0.907572;0.176962;0.006968;0.994532;0.104204;0.782743;0.910992;-0.049285;0.409468;2.033350;0.412364;0.092075;-0.906354;0.176664;-0.011163;0.000000;-0.000000;0.000853;-0.000000;0.000000;-0.003373;0.044041;0.000000;0.000329;0.006104;0.000000;
61;3.66983;0.950915;0.006958;0.994528;0.104243;0.782749;0.911097;-0.049269;0.409237;2.033453;0.412133;0.092128;-0.906454;0.176698;0.006687;0.994515;0.104382;0.782738;0.909886;-0.049351;0.411912;2.032742;0.414804;0.092221;-0.905225;0.176389;-0.011112;0.000000;-0.000000;0.000848;0.000000;0.000000;-0.002675;0.044890;0.000000;0.011628;0.014153;-0.000000;
62;3.72987;0.952215;0.006684;0.994509;0.104439;0.782750;0.910005;-0.049346;0.411651;2.032836;0.414544;0.092289;-0.905338;0.176485;0.006408;0.994499;0.104548;0.782733;0.908782;-0.049413;0.414335;2.032138;0.417222;0.092356;-0.904100;0.176113;-0.011062;0.000000;-0.000000;0.000844;-0.000000;0.000000;-0.002499;0.044541;0.000000;0.002938;-0.005816;-0.000000;
63;3.78993;0.946335;0.006396;0.994487;0.104667;0.782754;0.908830;-0.049441;0.414227;2.032260;0.417118;0.092475;-0.904135;0.176195;0.006133;0.994485;0.104704;0.782729;0.907692;-0.049471;0.416710;2.031538;0.419591;0.092483;-0.902990;0.175838;-0.011012;0.000000;-0.000000;0.000839;0.000000;0.000000;-0.002330;0.043707;0.000000;0.002811;-0.013897;-0.000000;
64;3.8499;0.944657;0.006150;0.994477;0.104779;0.782751;0.907811;-0.049491;0.416448;2.031625;0.419334;0.092558;-0.903101;0.175881;0.005864;0.994473;0.104829;0.782725;0.906619;-0.049517;0.419035;2.030941;0.421910;0.092582;-0.901898;0.175562;-0.010962;0.000000;-0.000000;0.000834;-0.000000;0.000000;-0.001839;0.042828;0.000000;0.008177;-0.014656;-0.000000;
65;3.90991;0.944229;0.005902;0.994463;0.104922;0.782741;0.906718;-0.049569;0.418813;2.031019;0.421695;0.092663;-0.901990;0.175606;0.005602;0.994463;0.104937;0.782721;0.905570;-0.049557;0.421292;2.030348;0.424160;0.092667;-0.900833;0.175285;-0.010912;0.000000;-0.000000;0.000829;0.000000;0.000000;-0.001569;0.041600;0.000000;0.004503;-0.020458;-0.000000;
66;3.96992;0.941012;0.005644;0.994455;0.105009;0.782741;0.905677;-0.049601;0.421057;2.030412;0.423931;0.092728;-0.900935;0.175302;0.005341;0.994453;0.105048;0.782718;0.904518;-0.049598;0.423541;2.029757;0.426402;0.092756;-0.899765;0.175009;-0.010862;0.000000;-0.000000;0.000824;0.000000;0.000000;-0.001639;0.041502;0.000000;-0.001165;-0.001647;0.000000;
67;4.0319;0.941012;0.005351;0.994446;0.105108;0.782732;0.904631;-0.049608;0.423298;2.029841;0.426161;0.092819;-0.899873;0.175051;0.005079;0.994442;0.105159;0.782714;0.903461;-0.049640;0.425787;2.029170;0.428641;0.092844;-0.898692;0.174732;-0.010813;0.000000;-0.000000;0.000820;-0.000000;0.000000;-0.001639;0.041502;0.000000;-0.000000;0.000000;0.000000;
68;4.0919;0.941219;0.005158;0.994430;0.105276;0.782721;0.903527;-0.049747;0.425635;2.029264;0.428501;0.092925;-0.898750;0.174778;0.004816;0.994435;0.105238;0.782711;0.902393;-0.049669;0.428042;2.028587;0.430887;0.092904;-0.897611;0.174455;-0.010764;0.000000;-0.000000;0.000815;0.000000;0.000000;-0.001117;0.041675;0.000000;0.008695;0.002894;-0.000000;
69;4.15195;0.938611;0.004892;0.994427;0.105314;0.782709;0.902480;-0.049751;0.427849;2.028691;0.430704;0.092951;-0.897694;0.174488;0.004549;0.994428;0.105315;0.782708;0.901303;-0.049697;0.430328;2.028007;0.433164;0.092963;-0.896508;0.174178;-0.010716;0.000000;-0.000000;0.000810;-0.000000;0.000000;-0.001096;0.042314;0.000000;0.000351;0.010640;0.000000;
70;4.21185;0.938611;0.004602;0.994418;0.105407;0.782728;0.901351;-0.049774;0.430220;2.028127;0.433065;0.093029;-0.896549;0.174227;0.004281;0.994422;0.105392;0.782705;0.900208;-0.049725;0.432612;2.027430;0.435439;0.093022;-0.895399;0.173901;-0.010667;0.000000;-0.000000;0.000806;0.000000;0.000000;-0.001096;0.042314;0.000000;-0.000000;0.000000;0.000000;
71;4.2719;0.930509;0.004300;0.994411;0.105494;0.782726;0.900279;-0.049771;0.432459;2.027551;0.435292;0.093115;-0.895461;0.173925;0.004010;0.994415;0.105467;0.782702;0.899090;-0.049754;0.434928;2.026856;0.437746;0.093080;-0.894268;0.173624;-0.010619;0.000000;-0.000000;0.000801;0.000000;0.000000;-0.001081;0.042964;0.000000;0.000263;0.010832;0.000000;
72;4.33192;0.935910;0.004019;0.994406;0.105546;0.782728;0.899196;-0.049773;0.434705;2.026974;0.437527;0.093159;-0.894367;0.173664;0.003739;0.994409;0.105530;0.782700;0.897969;-0.049777;0.437234;2.026286;0.440043;0.093128;-0.893135;0.173346;-0.010571;0.000000;-0.000000;0.000797;-0.000000;0.000000;-0.000889;0.042835;0.000000;0.003189;-0.002147;-0.000000;
73;4.39392;0.936310;0.003724;0.994396;0.105656;0.782726;0.898039;-0.049804;0.437087;2.026417;0.439900;0.093256;-0.893192;0.173419;0.003469;0.994405;0.105581;0.782697;0.896848;-0.049795;0.439528;2.025719;0.442326;0.093165;-0.892002;0.173068;-0.010524;0.000000;-0.000000;0.000792;-0.000000;0.000000;-0.000691;0.042637;0.000000;0.003309;-0.003290;-0.000000;
74;4.4539;0.934007;0.003492;0.994395;0.105672;0.782681;0.896928;-0.049839;0.439358;2.025835;0.442162;0.093246;-0.892075;0.173112;0.003200;0.994400;0.105636;0.782695;0.895729;-0.049816;0.441801;2.025155;0.444589;0.093207;-0.890872;0.172790;-0.010477;0.000000;-0.000000;0.000788;0.000000;0.000000;-0.000782;0.042317;0.000000;-0.001521;-0.005342;0.000000;
75;4.51386;0.930226;0.003201;0.994390;0.105728;0.782687;0.895836;-0.049835;0.441582;2.025259;0.444374;0.093302;-0.890970;0.172821;0.002940;0.994395;0.105685;0.782693;0.894637;-0.049834;0.444006;2.024595;0.446784;0.093244;-0.889769;0.172512;-0.010430;0.000000;-0.000000;0.000783;-0.000000;0.000000;-0.000697;0.041081;0.000000;0.001409;-0.020601;-0.000000;
76;4.57391;0.935663;0.002931;0.994386;0.105773;0.782702;0.894744;-0.049844;0.443789;2.024683;0.446569;0.093339;-0.889867;0.172545;0.002672;0.994392;0.105722;0.782691;0.893511;-0.049848;0.446266;2.024037;0.449034;0.093271;-0.888633;0.172234;-0.010383;0.000000;-0.000000;0.000779;0.000000;0.000000;-0.000511;0.042171;0.000000;0.003106;0.018179;-0.000000;
77;4.63386;0.932029;0.002657;0.994382;0.105814;0.782698;0.893627;-0.049851;0.446033;2.024138;0.448802;0.093373;-0.888740;0.172273;0.002405;0.994391;0.105743;0.782690;0.892380;-0.049854;0.448522;2.023483;0.451278;0.093284;-0.887495;0.171955;-0.010336;0.000000;-0.000000;0.000774;-0.000000;0.000000;-0.000233;0.042112;0.000000;0.004641;-0.000982;-0.000000;
78;4.69397;0.928184;0.002441;0.994381;0.105836;0.782716;0.892480;-0.049907;0.448318;2.023561;0.451081;0.093362;-0.887587;0.171977;0.002133;0.994386;0.105790;0.782688;0.891223;-0.049873;0.450814;2.022932;0.453560;0.093321;-0.886327;0.171677;-0.010290;0.000000;-0.000000;0.000770;0.000000;0.000000;-0.000690;0.042879;0.000000;-0.007620;0.012770;0.000000;
79;4.75383;0.924423;0.002140;0.994376;0.105884;0.782722;0.891323;-0.049901;0.450614;2.023026;0.453364;0.093412;-0.886417;0.171711;0.001860;0.994384;0.105816;0.782687;0.890056;-0.049882;0.453113;2.022385;0.455847;0.093339;-0.885151;0.171398;-0.010244;0.000000;-0.000000;0.000765;0.000000;0.000000;-0.000348;0.043035;0.000000;0.005699;0.002607;-0.000000;
80;4.81393;0.925351;0.001853;0.994371;0.105938;0.782717;0.890159;-0.049910;0.452908;2.022474;0.455646;0.093463;-0.885241;0.171473;0.001585;0.994381;0.105847;0.782686;0.888875;-0.049895;0.455424;2.021840;0.458146;0.093363;-0.883960;0.171119;-0.010199;0.000000;-0.000000;0.000761;-0.000000;0.000000;-0.000456;0.043327;0.000000;-0.001803;0.004873;0.000000;
81;4.87391;0.921025;0.001625;0.994368;0.105972;0.782699;0.888973;-0.049967;0.455225;2.021913;0.457956;0.093466;-0.884048;0.171176;0.001319;0.994381;0.105851;0.782685;0.887730;-0.049895;0.457652;2.021298;0.460362;0.093363;-0.882808;0.170840;-0.010153;0.000000;-0.000000;0.000756;-0.000000;0.000000;-0.000002;0.041801;0.000000;0.007566;-0.025442;-0.000000;
82;4.93393;0.922344;0.001259;0.994362;0.106028;0.782732;0.887781;-0.049912;0.457553;2.021404;0.460265;0.093553;-0.882838;0.170910;0.001053;0.994381;0.105855;0.782684;0.886576;-0.049895;0.459885;2.020760;0.462582;0.093364;-0.881647;0.170561;-0.010108;0.000000;-0.000000;0.000752;0.000000;0.000000;-0.000020;0.041946;0.000000;-0.000300;0.002421;0.000000;
83;4.9939;0.924093;0.001061;0.994377;0.105894;0.782695;0.886738;-0.049887;0.459573;2.020805;0.462271;0.093413;-0.881804;0.170585;0.000801;0.994383;0.105835;0.782683;0.885476;-0.049885;0.461999;2.020225;0.464684;0.093345;-0.880543;0.170281;-0.010063;0.000000;-0.000000;0.000748;0.000000;0.000000;0.000375;0.039758;0.000000;0.006590;-0.036462;-0.000000;
84;5.05396;0.925321;0.000780;0.994369;0.105972;0.782712;0.885529;-0.049919;0.461894;2.020307;0.464583;0.093481;-0.880582;0.170331;0.000551;0.994387;0.105802;0.782683;0.884384;-0.049869;0.464089;2.019692;0.466760;0.093314;-0.879447;0.170002;-0.010019;0.000000;-0.000000;0.000743;0.000000;0.000000;0.000582;0.039317;0.000000;0.003439;-0.007361;-0.000000;
85;5.11387;0.918507;0.000526;0.994379;0.105875;0.782704;0.884501;-0.049857;0.463866;2.019752;0.466537;0.093403;-0.879556;0.170053;0.000302;0.994391;0.105768;0.782683;0.883288;-0.049852;0.466172;2.019163;0.468830;0.093283;-0.878349;0.169723;-0.009974;0.000000;-0.000000;0.000739;0.000000;0.000000;0.000579;0.039256;0.000000;-0.000046;-0.001020;0.000000;
86;5.17399;0.918592;0.000246;0.994383;0.105838;0.782718;0.883416;-0.049811;0.465934;2.019227;0.468589;0.093384;-0.878467;0.169750;0.000057;0.994397;0.105714;0.782682;0.882206;-0.049827;0.468220;2.018637;0.470863;0.093235;-0.877266;0.169443;-0.009930;0.000000;-0.000000;0.000735;-0.000000;0.000000;0.000920;0.038609;0.000000;0.005683;-0.010778;-0.000000;
87;5.23389;0.919313;0.000021;0.994391;0.105767;0.782727;0.882319;-0.049798;0.468009;2.018720;0.470651;0.093311;-0.877371;0.169465;-0.000202;0.994401;0.105670;0.782682;0.881059;-0.049806;0.470378;2.018114;0.473007;0.093197;-0.876116;0.169164;-0.009886;0.000000;-0.000000;0.000731;0.000000;0.000000;0.000730;0.040757;0.000000;-0.003160;0.035796;0.000000;
88;5.29876;0.919313;-0.000234;0.994395;0.105725;0.782721;0.881181;-0.049780;0.470152;2.018208;0.472780;0.093272;-0.876230;0.169219;-0.000460;0.994406;0.105626;0.782682;0.879906;-0.049785;0.472533;2.017593;0.475148;0.093158;-0.874960;0.168885;-0.009843;0.000000;-0.000000;0.000727;0.000000;0.000000;0.000730;0.040757;0.000000;-0.000000;-0.000000;0.000000;
89;5.35392;0.919030;-0.000456;0.994403;0.105653;0.782692;0.880041;-0.049776;0.472283;2.017679;0.474898;0.093194;-0.875092;0.168945;-0.000716;0.994412;0.105570;0.782683;0.878757;-0.049760;0.474668;2.017076;0.477268;0.093111;-0.873811;0.168605;-0.009799;0.000000;-0.000000;0.000723;-0.000000;0.000000;0.000907;0.040404;0.000000;0.002942;-0.005879;-0.000000;
90;5.41385;0.919030;-0.000702;0.994407;0.105615;0.782682;0.878899;-0.049766;0.474404;2.017154;0.477007;0.093158;-0.873948;0.168619;-0.000972;0.994417;0.105514;0.782683;0.877604;-0.049734;0.476799;2.016561;0.479385;0.093063;-0.872656;0.168326;-0.009756;0.000000;-0.000000;0.000719;0.000000;0.000000;0.000907;0.040404;0.000000;-0.000000;0.000000;0.000000;
91;5.47392;0.919030;-0.001009;0.994404;0.105643;0.782715;0.877691;-0.049746;0.476638;2.016657;0.479226;0.093203;-0.872729;0.168392;-0.001228;0.994423;0.105457;0.782684;0.876446;-0.049708;0.478928;2.016050;0.481499;0.093016;-0.871497;0.168046;-0.009713;0.000000;-0.000000;0.000714;-0.000000;0.000000;0.000907;0.040404;0.000000;-0.000000;-0.000000;0.000000;
92;5.53393;0.913033;-0.001284;0.994406;0.105618;0.782740;0.876500;-0.049726;0.478828;2.016157;0.481401;0.093189;-0.871533;0.168136;-0.001481;0.994429;0.105400;0.782684;0.875291;-0.049682;0.481038;2.015541;0.483594;0.092968;-0.870341;0.167767;-0.009671;0.000000;-0.000000;0.000710;0.000000;0.000000;0.000910;0.040099;0.000000;0.000052;-0.005088;-0.000000;
93;5.59389;0.913033;-0.001529;0.994418;0.105504;0.782711;0.875392;-0.049671;0.480856;2.015624;0.483412;0.093093;-0.870429;0.167834;-0.001735;0.994435;0.105342;0.782685;0.874131;-0.049655;0.483145;2.015036;0.485687;0.092921;-0.869180;0.167488;-0.009628;0.000000;-0.000000;0.000706;0.000000;0.000000;0.000910;0.040099;0.000000;-0.000000;0.000000;0.000000;
94;5.65393;0.913033;-0.001696;0.994427;0.105413;0.782708;0.874277;-0.049696;0.482877;2.015092;0.485425;0.092979;-0.869320;0.167526;-0.001988;0.994440;0.105283;0.782686;0.872966;-0.049629;0.485250;2.014533;0.487777;0.092873;-0.868014;0.167208;-0.009586;0.000000;-0.000000;0.000702;-0.000000;0.000000;0.000910;0.040099;0.000000;-0.000000;0.000000;0.000000;
95;5.71407;0.913033;-0.001968;0.994436;0.105328;0.782697;0.873131;-0.049637;0.484951;2.014584;0.487481;0.092919;-0.868175;0.167260;-0.002241;0.994446;0.105224;0.782687;0.871796;-0.049602;0.487351;2.014033;0.489864;0.092826;-0.866843;0.166929;-0.009544;0.000000;-0.000000;0.000698;0.000000;0.000000;0.000910;0.040099;0.000000;-0.000000;-0.000000;0.000000;
96;5.77534;0.910374;-0.002259;0.994441;0.105269;0.782710;0.871963;-0.049577;0.487055;2.014079;0.489566;0.092891;-0.867004;0.166996;-0.002489;0.994453;0.105152;0.782689;0.870647;-0.049570;0.489404;2.013536;0.491902;0.092769;-0.865694;0.166650;-0.009503;0.000000;-0.000000;0.000694;0.000000;0.000000;0.001100;0.039211;0.000000;0.003173;-0.014793;-0.000000;
97;5.83391;0.911580;-0.002513;0.994442;0.105253;0.782726;0.870760;-0.049577;0.489202;2.013585;0.491701;0.092880;-0.865796;0.166711;-0.002738;0.994459;0.105088;0.782690;0.869483;-0.049542;0.491472;2.013042;0.493955;0.092718;-0.864530;0.166370;-0.009461;0.000000;-0.000000;0.000690;0.000000;0.000000;0.000970;0.039555;0.000000;-0.002174;0.005732;0.000000;
98;5.89388;0.911580;-0.002794;0.994439;0.105274;0.782739;0.869526;-0.049577;0.491392;2.013131;0.493878;0.092912;-0.864553;0.166471;-0.002988;0.994465;0.105024;0.782692;0.868314;-0.049513;0.493537;2.012550;0.496005;0.092668;-0.863361;0.166091;-0.009420;0.000000;-0.000000;0.000686;0.000000;0.000000;0.000970;0.039555;0.000000;-0.000000;0.000000;0.000000;
99;5.95396;0.900895;-0.003028;0.994447;0.105195;0.782723;0.868376;-0.049551;0.493424;2.012639;0.495897;0.092843;-0.863404;0.166187;-0.003242;0.994471;0.104966;0.782693;0.867118;-0.049488;0.495638;2.012062;0.498092;0.092625;-0.862163;0.165812;-0.009379;0.000000;-0.000000;0.000683;-0.000000;0.000000;0.000836;0.040317;0.000000;-0.002226;0.012705;0.000000;
100;6.01394;0.903920;-0.003234;0.994457;0.105096;0.782715;0.867216;-0.049541;0.495462;2.012134;0.497922;0.092744;-0.862249;0.165898;-0.003489;0.994478;0.104884;0.782695;0.865948;-0.049451;0.497684;2.011576;0.500123;0.092560;-0.860994;0.165533;-0.009338;0.000000;-0.000000;0.000679;0.000000;0.000000;0.001253;0.039274;0.000000;0.006943;-0.017385;-0.000000;
101;6.07377;0.900362;-0.003487;0.994467;0.104990;0.782724;0.866062;-0.049484;0.497481;2.011638;0.499924;0.092663;-0.861098;0.165608;-0.003736;0.994484;0.104820;0.782697;0.864773;-0.049423;0.499725;2.011093;0.502149;0.092512;-0.859818;0.165254;-0.009298;0.000000;-0.000000;0.000675;0.000000;0.000000;0.000921;0.039261;0.000000;-0.005532;-0.000223;0.000000;
102;6.13391;0.905290;-0.003719;0.994476;0.104896;0.782714;0.864892;-0.049454;0.499516;2.011150;0.501944;0.092581;-0.859931;0.165315;-0.003981;0.994491;0.104744;0.782699;0.863603;-0.049389;0.501747;2.010612;0.504156;0.092454;-0.858649;0.164975;-0.009258;0.000000;-0.000000;0.000671;-0.000000;0.000000;0.001129;0.038926;0.000000;0.003464;-0.005574;-0.000000;
103;6.19378;0.904597;-0.003963;0.994486;0.104790;0.782698;0.863748;-0.049401;0.501497;2.010676;0.503909;0.092500;-0.858790;0.165024;-0.004224;0.994499;0.104662;0.782701;0.862436;-0.049353;0.503754;2.010135;0.506148;0.092392;-0.857483;0.164696;-0.009218;0.000000;-0.000000;0.000667;-0.000000;0.000000;0.001202;0.038689;0.000000;0.001225;-0.003958;-0.000000;
104;6.25379;0.904597;-0.004210;0.994493;0.104716;0.782713;0.862591;-0.049364;0.503487;2.010198;0.505884;0.092447;-0.857633;0.164742;-0.004467;0.994506;0.104581;0.782704;0.861265;-0.049317;0.505758;2.009660;0.508137;0.092331;-0.856313;0.164418;-0.009178;0.000000;-0.000000;0.000663;0.000000;0.000000;0.001202;0.038689;0.000000;-0.000000;-0.000000;0.000000;
105;6.31387;0.893449;-0.004487;0.994499;0.104653;0.782724;0.861379;-0.049315;0.505564;2.009760;0.507943;0.092415;-0.856419;0.164513;-0.004721;0.994510;0.104537;0.782706;0.860031;-0.049300;0.507854;2.009188;0.510219;0.092302;-0.855077;0.164139;-0.009138;0.000000;-0.000000;0.000660;-0.000000;0.000000;0.000550;0.040554;0.000000;-0.010878;0.031095;0.000000;
106;6.37389;0.892597;-0.004781;0.994501;0.104618;0.782724;0.860152;-0.049268;0.507653;2.009285;0.510015;0.092414;-0.855187;0.164203;-0.004982;0.994513;0.104494;0.782709;0.858762;-0.049284;0.509999;2.008718;0.512351;0.092276;-0.853804;0.163860;-0.009099;0.000000;-0.000000;0.000656;0.000000;0.000000;0.000514;0.041574;0.000000;-0.000593;0.016996;0.000000;
107;6.43379;0.892597;-0.004991;0.994503;0.104589;0.782741;0.858850;-0.049309;0.509848;2.008814;0.512203;0.092371;-0.853883;0.163948;-0.005242;0.994516;0.104450;0.782711;0.857487;-0.049268;0.512141;2.008251;0.514479;0.092250;-0.852527;0.163582;-0.009060;0.000000;-0.000000;0.000652;-0.000000;0.000000;0.000514;0.041574;0.000000;-0.000000;0.000000;0.000000;
108;6.49377;0.892597;-0.005241;0.994510;0.104513;0.782743;0.857646;-0.049273;0.511874;2.008310;0.514213;0.092318;-0.852679;0.163657;-0.005503;0.994519;0.104406;0.782714;0.856207;-0.049253;0.514280;2.007787;0.516604;0.092223;-0.851243;0.163303;-0.009021;0.000000;-0.000000;0.000648;0.000000;0.000000;0.000514;0.041574;0.000000;-0.000000;-0.000000;0.000000;
109;6.55394;0.890102;-0.005552;0.994505;0.104545;0.782751;0.856323;-0.049261;0.514086;2.007875;0.516411;0.092378;-0.851344;0.163404;-0.005775;0.994522;0.104363;0.782717;0.854864;-0.049238;0.516510;2.007326;0.518820;0.092199;-0.849897;0.163025;-0.008982;0.000000;-0.000000;0.000645;-0.000000;0.000000;0.000477;0.043419;0.000000;-0.000624;0.030745;0.000000;
110;6.6138;0.890102;-0.005811;0.994506;0.104514;0.782750;0.854936;-0.049272;0.516388;2.007424;0.518700;0.092354;-0.849953;0.163114;-0.006046;0.994525;0.104319;0.782720;0.853516;-0.049223;0.518737;2.006867;0.521032;0.092175;-0.848545;0.162747;-0.008944;0.000000;-0.000000;0.000641;0.000000;0.000000;0.000477;0.043419;0.000000;-0.000000;-0.000000;0.000000;
