message_number;message_time_s;ellipse_factor;prev_real_position_0_0;prev_real_position_0_1;prev_real_position_0_2;prev_real_position_0_3;prev_real_position_1_0;prev_real_position_1_1;prev_real_position_1_2;prev_real_position_1_3;prev_real_position_2_0;prev_real_position_2_1;prev_real_position_2_2;prev_real_position_2_3;np_0_0;np_0_1;np_0_2;np_0_3;np_1_0;np_1_1;np_1_2;np_1_3;np_2_0;np_2_1;np_2_2;np_2_3;velocity_0;velocity_1;velocity_2;acceleration_0;acceleration_1;acceleration_2;angular_velocity_0;angular_velocity_1;angular_velocity_2;angular_acceleration_0;angular_acceleration_1;angular_acceleration_2;
0;0;0.989182;0.032137;0.999378;0.014503;0.783734;0.999483;-0.032123;-0.001153;2.078829;-0.000687;0.014532;-0.999894;0.187220;0.032126;0.999377;0.014624;0.783705;0.999484;-0.032123;-0.000443;2.077935;0.000027;0.014630;-0.999893;0.187221;-0.014902;0.000000;-0.000000;-0.248373;0.000000;-0.000000;-0.001633;0.011888;0.000000;-0.027219;0.198139;0.000000;
1;0.0519647;0.989182;0.032427;0.999369;0.014503;0.783717;0.999474;-0.032414;-0.001133;2.078313;-0.000662;0.014532;-0.999894;0.187220;0.032105;0.999374;0.014865;0.783677;0.999483;-0.032123;0.000976;2.077046;0.001453;0.014826;-0.999889;0.187221;-0.014828;0.000000;-0.000000;0.001241;0.000000;0.000000;-0.003266;0.023777;0.000000;-0.027219;0.198139;0.000000;
2;0.111808;0.986388;0.032679;0.999360;0.014530;0.783678;0.999466;-0.032667;-0.001052;2.076966;-0.000577;0.014557;-0.999894;0.187219;0.032073;0.999370;0.015227;0.783648;0.999479;-0.032124;0.003106;2.076161;0.003593;0.015120;-0.999879;0.187219;-0.014754;0.000000;-0.000000;0.001235;0.000000;0.000000;-0.004893;0.035666;0.000000;-0.027114;0.198154;0.000000;
3;0.171698;0.985965;0.032606;0.999358;0.014857;0.783702;0.999468;-0.032612;0.000184;2.075780;0.000668;0.014843;-0.999890;0.187275;0.032029;0.999363;0.015709;0.783620;0.999466;-0.032126;0.005945;2.075281;0.006446;0.015510;-0.999859;0.187216;-0.014680;0.000000;-0.000000;0.001229;0.000000;0.000000;-0.006501;0.047558;0.000000;-0.026792;0.198197;0.000000;
4;0.231791;0.983930;0.032493;0.999353;0.015415;0.783776;0.999460;-0.032565;0.004480;2.075231;0.004979;0.015261;-0.999871;0.187342;0.031972;0.999356;0.016306;0.783592;0.999439;-0.032129;0.009495;2.074405;0.010013;0.015993;-0.999822;0.187210;-0.014607;0.000000;-0.000000;0.001223;-0.000000;0.000000;-0.008059;0.059456;0.000000;-0.025967;0.198307;0.000000;
5;0.291888;0.984478;0.032412;0.999345;0.016099;0.783860;0.999432;-0.032555;0.008708;2.074503;0.009227;0.015807;-0.999832;0.187430;0.031900;0.999346;0.017018;0.783564;0.999389;-0.032136;0.013755;2.073533;0.014293;0.016569;-0.999761;0.187202;-0.014534;0.000000;-0.000000;0.001217;0.000000;0.000000;-0.009588;0.071358;0.000000;-0.025488;0.198369;0.000000;
6;0.351748;0.987302;0.032245;0.999339;0.016799;0.783874;0.999390;-0.032463;0.012872;2.073609;0.013408;0.016374;-0.999776;0.187383;0.031813;0.999335;0.017843;0.783536;0.999308;-0.032147;0.018726;2.072666;0.019288;0.017235;-0.999665;0.187189;-0.014461;0.000000;-0.000000;0.001210;0.000000;0.000000;-0.011111;0.083261;0.000000;-0.025377;0.198383;0.000000;
7;0.411824;0.987823;0.032078;0.999326;0.017824;0.783819;0.999312;-0.032400;0.018041;2.072836;0.018606;0.017233;-0.999678;0.187315;0.031709;0.999321;0.018782;0.783509;0.999185;-0.032163;0.024408;2.071803;0.024995;0.017992;-0.999526;0.187173;-0.014389;0.000000;-0.000000;0.001204;-0.000000;0.000000;-0.012627;0.095165;0.000000;-0.025269;0.198397;0.000000;
8;0.471756;0.987823;0.032032;0.999310;0.018798;0.783714;0.999189;-0.032476;0.023822;2.071996;0.024416;0.018020;-0.999539;0.187271;0.031585;0.999304;0.019833;0.783482;0.999007;-0.032187;0.030799;2.070945;0.031416;0.018840;-0.999329;0.187151;-0.014317;0.000000;-0.000000;0.001198;0.000000;0.000000;-0.014143;0.107069;0.000000;-0.025269;0.198397;0.000000;
9;0.531872;0.986945;0.031830;0.999297;0.019810;0.783627;0.999020;-0.032419;0.030148;2.071148;0.030769;0.018831;-0.999349;0.187243;0.031439;0.999285;0.020994;0.783455;0.998762;-0.032219;0.037899;2.070091;0.038549;0.019777;-0.999061;0.187124;-0.014245;0.000000;-0.000000;0.001192;0.000000;0.000000;-0.015617;0.118978;0.000000;-0.024569;0.198485;0.000000;
10;0.591778;0.986903;0.031682;0.999279;0.020915;0.783549;0.998791;-0.032440;0.036935;2.070212;0.037586;0.019720;-0.999099;0.187197;0.031269;0.999263;0.022266;0.783428;0.998434;-0.032262;0.045708;2.069242;0.046393;0.020802;-0.998707;0.187092;-0.014174;0.000000;-0.000000;0.001186;0.000000;0.000000;-0.017102;0.130886;0.000000;-0.024752;0.198462;0.000000;
11;0.651707;0.983878;0.031556;0.999256;0.022171;0.783491;0.998473;-0.032521;0.044646;2.069339;0.045334;0.020728;-0.998757;0.187130;0.031072;0.999237;0.023647;0.783401;0.998006;-0.032317;0.054225;2.068397;0.054948;0.021915;-0.998249;0.187052;-0.014103;0.000000;-0.000000;0.001180;0.000000;0.000000;-0.018590;0.142793;0.000000;-0.024803;0.198456;0.000000;
12;0.71191;0.985729;0.031309;0.999232;0.023560;0.783436;0.998054;-0.032526;0.053201;2.068525;0.053926;0.021848;-0.998306;0.187106;0.030846;0.999208;0.025139;0.783375;0.997460;-0.032388;0.063447;2.067557;0.064211;0.023118;-0.997669;0.187006;-0.014033;0.000000;-0.000000;0.001173;0.000000;0.000000;-0.020093;0.154699;0.000000;-0.025040;0.198426;0.000000;
13;0.773911;0.978447;0.030998;0.999206;0.025017;0.783377;0.997535;-0.032503;0.062191;2.067713;0.062954;0.023028;-0.997751;0.187061;0.030587;0.999174;0.026741;0.783349;0.996776;-0.032477;0.073372;2.066721;0.074180;0.024411;-0.996946;0.186952;-0.013963;0.000000;-0.000000;0.001167;0.000000;0.000000;-0.021600;0.166604;0.000000;-0.025131;0.198415;0.000000;
14;0.836733;0.978447;0.030789;0.999171;0.026640;0.783370;0.996865;-0.032639;0.072076;2.066903;0.072886;0.024337;-0.997043;0.187035;0.030291;0.999136;0.028453;0.783324;0.995933;-0.032586;0.083999;2.065890;0.084853;0.025793;-0.996060;0.186890;-0.013893;0.000000;-0.000000;0.001161;0.000000;0.000000;-0.023108;0.178509;0.000000;-0.025131;0.198415;0.000000;
15;0.895097;0.983706;0.030496;0.999134;0.028303;0.783338;0.996047;-0.032741;0.082577;2.066028;0.083432;0.025673;-0.996183;0.186944;0.029956;0.999093;0.030275;0.783299;0.994909;-0.032719;0.095323;2.065064;0.096227;0.027265;-0.994986;0.186820;-0.013824;0.000000;-0.000000;0.001154;-0.000000;0.000000;-0.024649;0.190409;0.000000;-0.025681;0.198344;0.000000;
16;0.95387;0.983300;0.030042;0.999096;0.030092;0.783313;0.995054;-0.032746;0.093785;2.065197;0.094686;0.027126;-0.995138;0.186847;0.029576;0.999044;0.032206;0.783274;0.993679;-0.032878;0.107341;2.064243;0.108297;0.028827;-0.993701;0.186741;-0.013755;0.000000;-0.000000;0.001147;0.000000;0.000000;-0.026186;0.202311;0.000000;-0.025606;0.198354;0.000000;
17;1.02011;0.981592;0.029695;0.999048;0.031949;0.783279;0.993868;-0.032917;0.105559;2.064280;0.106510;0.028619;-0.993900;0.186785;0.029149;0.998988;0.034246;0.783250;0.992217;-0.033067;0.120048;2.063427;0.121059;0.030480;-0.992177;0.186652;-0.013687;0.000000;-0.000000;0.001140;0.000000;0.000000;-0.027739;0.214209;0.000000;-0.025897;0.198316;0.000000;
18;1.07385;0.981162;0.029194;0.998995;0.034010;0.783261;0.992432;-0.033029;0.118271;2.063526;0.119275;0.030300;-0.992399;0.186676;0.028670;0.998926;0.036398;0.783226;0.990498;-0.033290;0.133439;2.062616;0.134507;0.032226;-0.990388;0.186553;-0.013619;0.000000;-0.000000;0.001133;0.000000;0.000000;-0.029357;0.226100;0.000000;-0.026957;0.198175;0.000000;
19;1.13696;0.974639;0.028687;0.998932;0.036214;0.783242;0.990736;-0.033225;0.131673;2.062752;0.132735;0.032101;-0.990632;0.186616;0.028134;0.998856;0.038661;0.783203;0.988492;-0.033552;0.147506;2.061811;0.148634;0.034066;-0.988305;0.186443;-0.013551;0.000000;-0.000000;0.001126;0.000000;0.000000;-0.031005;0.237986;0.000000;-0.027477;0.198104;0.000000;
20;1.19393;0.968215;0.028157;0.998863;0.038467;0.783243;0.988767;-0.033482;0.145666;2.061965;0.146788;0.033934;-0.988586;0.186517;0.027537;0.998778;0.041039;0.783180;0.986170;-0.033856;0.162242;2.061011;0.163433;0.036004;-0.985897;0.186323;-0.013484;0.000000;-0.000000;0.001119;0.000000;0.000000;-0.032710;0.249865;0.000000;-0.028406;0.197972;0.000000;
21;1.25388;0.968215;0.027615;0.998782;0.040896;0.783241;0.986463;-0.033844;0.160454;2.061135;0.161642;0.035912;-0.986196;0.186410;0.026873;0.998691;0.043529;0.783158;0.983501;-0.034207;0.177638;2.060217;0.178895;0.038037;-0.983133;0.186192;-0.013418;0.000000;-0.000000;0.001111;0.000000;0.000000;-0.034414;0.261743;0.000000;-0.028406;0.197972;0.000000;
22;1.31388;0.962861;0.026940;0.998695;0.043384;0.783224;0.983844;-0.034173;0.175737;2.060374;0.176990;0.037948;-0.983481;0.186257;0.026137;0.998592;0.046154;0.783136;0.980454;-0.034614;0.193680;2.059429;0.195005;0.040190;-0.979978;0.186048;-0.013351;0.000000;-0.000000;0.001103;0.000000;0.000000;-0.036558;0.273550;0.000000;-0.035725;0.196783;0.000000;
23;1.37389;0.953165;0.026227;0.998592;0.046117;0.783198;0.980822;-0.034618;0.191809;2.059606;0.193135;0.040202;-0.980348;0.186138;0.025323;0.998479;0.048977;0.783115;0.976998;-0.035096;0.210340;2.058648;0.211739;0.042524;-0.976401;0.185893;-0.013286;0.000000;-0.000000;0.001094;0.000000;0.000000;-0.039772;0.285111;0.000000;-0.053575;0.192691;0.000000;
24;1.43676;0.966564;0.025338;0.998471;0.049137;0.783237;0.977348;-0.035073;0.208712;2.058937;0.210116;0.042735;-0.976742;0.186052;0.024457;0.998352;0.051917;0.783095;0.973244;-0.035646;0.226990;2.057873;0.228467;0.044976;-0.972512;0.185725;-0.013221;0.000000;-0.000000;0.001086;0.000000;0.000000;-0.041938;0.286094;0.000000;-0.036097;0.016386;0.000000;
25;1.49405;0.949593;0.024473;0.998331;0.052319;0.783294;0.973556;-0.035691;0.225642;2.058133;0.227132;0.045413;-0.972804;0.185938;0.023577;0.998221;0.054768;0.783076;0.969369;-0.036224;0.242922;2.057104;0.244473;0.047363;-0.968499;0.185545;-0.013156;0.000000;-0.000000;0.001076;0.000000;0.000000;-0.040992;0.274872;0.000000;0.015767;-0.187035;-0.000000;
26;1.55823;0.969679;0.023606;0.998212;0.054918;0.783219;0.969716;-0.036221;0.241533;2.057345;0.243090;0.047553;-0.968837;0.185679;0.022692;0.998088;0.057494;0.783057;0.965417;-0.036817;0.258100;2.056343;0.259723;0.049649;-0.964406;0.185352;-0.013092;0.000000;-0.000000;0.001067;-0.000000;0.000000;-0.039419;0.262976;0.000000;0.026211;-0.198275;-0.000000;
27;1.62241;0.952597;0.022829;0.998084;0.057508;0.783164;0.965813;-0.036876;0.256603;2.056546;0.258232;0.049684;-0.964804;0.185443;0.021806;0.997954;0.060107;0.783040;0.961420;-0.037422;0.272527;2.055588;0.274219;0.051846;-0.960269;0.185149;-0.013029;0.000000;-0.000000;0.001058;0.000000;0.000000;-0.038041;0.251055;0.000000;0.022979;-0.198675;-0.000000;
28;1.67389;0.957213;0.022017;0.997950;0.060090;0.783114;0.961865;-0.037534;0.270935;2.055693;0.272635;0.051833;-0.960720;0.185202;0.020926;0.997819;0.062607;0.783023;0.957411;-0.038036;0.286211;2.054840;0.287968;0.053952;-0.956119;0.184936;-0.012966;0.000000;-0.000000;0.001048;0.000000;0.000000;-0.036632;0.239138;0.000000;0.023475;-0.198618;-0.000000;
29;1.73707;0.957576;0.021056;0.997822;0.062508;0.783077;0.957839;-0.038051;0.284776;2.054993;0.286534;0.053877;-0.956554;0.184970;0.020056;0.997683;0.065007;0.783006;0.953422;-0.038658;0.299154;2.054099;0.300974;0.055979;-0.951988;0.184713;-0.012903;0.000000;-0.000000;0.001039;0.000000;0.000000;-0.035425;0.227199;0.000000;0.020126;-0.198985;-0.000000;
30;1.80344;0.963122;0.020170;0.997694;0.064813;0.783035;0.953907;-0.038618;0.297608;2.054219;0.299425;0.055823;-0.952485;0.184710;0.019201;0.997548;0.067301;0.782991;0.949479;-0.039283;0.311363;2.053364;0.313244;0.057923;-0.947905;0.184481;-0.012842;0.000000;-0.000000;0.001029;0.000000;0.000000;-0.034090;0.215274;0.000000;0.022234;-0.198760;-0.000000;
31;1.85592;0.954174;0.019177;0.997561;0.067115;0.783019;0.949952;-0.039114;0.309937;2.053565;0.311806;0.057813;-0.948385;0.184502;0.018367;0.997413;0.069491;0.782976;0.945610;-0.039906;0.322846;2.052636;0.324785;0.059782;-0.943897;0.184241;-0.012780;0.000000;-0.000000;0.001020;0.000000;0.000000;-0.032764;0.203347;0.000000;0.022107;-0.198774;-0.000000;
32;1.92122;0.943352;0.018435;0.997426;0.069300;0.782971;0.946076;-0.039822;0.321487;2.052742;0.323419;0.059636;-0.944375;0.184251;0.017557;0.997280;0.071585;0.782962;0.941840;-0.040527;0.333609;2.051915;0.335603;0.061564;-0.939990;0.183993;-0.012720;0.000000;-0.000000;0.001011;0.000000;0.000000;-0.031535;0.191410;0.000000;0.020481;-0.198949;-0.000000;
33;1.97807;0.954752;0.017560;0.997293;0.071397;0.782930;0.942364;-0.040371;0.332146;2.051985;0.334129;0.061450;-0.940522;0.184002;0.016775;0.997148;0.073586;0.782949;0.938194;-0.041144;0.343657;2.051199;0.345704;0.063273;-0.936208;0.183738;-0.012660;0.000000;-0.000000;0.001002;0.000000;0.000000;-0.030363;0.179468;0.000000;0.019528;-0.199044;-0.000000;
34;2.03795;0.948638;0.016692;0.997159;0.073449;0.782897;0.938605;-0.040943;0.342556;2.051353;0.344590;0.063221;-0.936622;0.183767;0.016026;0.997018;0.075489;0.782936;0.934692;-0.041751;0.352998;2.050490;0.355097;0.064902;-0.932574;0.183477;-0.012600;0.000000;-0.000000;0.000994;0.000000;0.000000;-0.029051;0.167540;0.000000;0.021866;-0.198801;-0.000000;
35;2.09802;0.944855;0.016002;0.997028;0.075354;0.782841;0.935097;-0.041607;0.351942;2.050618;0.354031;0.064832;-0.932984;0.183526;0.015312;0.996891;0.077291;0.782924;0.931356;-0.042345;0.361640;2.049787;0.363789;0.066448;-0.929108;0.183210;-0.012541;0.000000;-0.000000;0.000985;-0.000000;0.000000;-0.027676;0.155619;0.000000;0.022925;-0.198682;-0.000000;
36;2.158;0.950013;0.015230;0.996905;0.077132;0.782779;0.931753;-0.042138;0.360639;2.049939;0.362773;0.066375;-0.929511;0.183253;0.014639;0.996768;0.078994;0.782913;0.928203;-0.042922;0.369589;2.049089;0.371785;0.067912;-0.925831;0.182937;-0.012482;0.000000;-0.000000;0.000977;0.000000;0.000000;-0.026310;0.143697;0.000000;0.022762;-0.198701;-0.000000;
37;2.2219;0.951709;0.014537;0.996779;0.078866;0.782730;0.928607;-0.042707;0.368600;2.049244;0.370781;0.067877;-0.926237;0.183009;0.014008;0.996649;0.080593;0.782902;0.925252;-0.043478;0.376852;2.048397;0.379094;0.069290;-0.922760;0.182660;-0.012424;0.000000;-0.000000;0.000969;-0.000000;0.000000;-0.024854;0.131785;0.000000;0.024273;-0.198522;-0.000000;
38;2.28189;0.949230;0.013911;0.996658;0.080490;0.782664;0.925563;-0.043294;0.376111;2.048531;0.378339;0.069266;-0.923072;0.182728;0.013423;0.996535;0.082090;0.782891;0.922518;-0.044011;0.383436;2.047711;0.385720;0.070583;-0.919912;0.182379;-0.012366;0.000000;-0.000000;0.000961;0.000000;0.000000;-0.023375;0.119877;0.000000;0.024655;-0.198475;-0.000000;
39;2.35404;0.954074;0.013179;0.996554;0.081892;0.782635;0.923025;-0.043619;0.382260;2.047909;0.384515;0.070550;-0.920419;0.182458;0.012886;0.996427;0.083474;0.782881;0.920014;-0.044515;0.389348;2.047029;0.391672;0.071780;-0.917301;0.182094;-0.012309;0.000000;-0.000000;0.000954;0.000000;0.000000;-0.021730;0.107990;0.000000;0.027406;-0.198113;-0.000000;
40;2.41397;0.957837;0.012788;0.996440;0.083329;0.782628;0.920359;-0.044305;0.388556;2.047183;0.390865;0.071723;-0.917649;0.182151;0.012401;0.996326;0.084744;0.782872;0.917754;-0.044986;0.394593;2.046353;0.396956;0.072880;-0.914940;0.181806;-0.012252;0.000000;-0.000000;0.000946;0.000000;0.000000;-0.020012;0.096114;0.000000;0.028629;-0.197940;-0.000000;
41;2.47787;0.957630;0.012306;0.996338;0.084616;0.782704;0.918090;-0.044787;0.393833;2.046500;0.396180;0.072839;-0.915279;0.181884;0.011970;0.996236;0.085857;0.782863;0.915745;-0.045405;0.399186;2.045681;0.401581;0.073845;-0.912841;0.181516;-0.012196;0.000000;-0.000000;0.000939;0.000000;0.000000;-0.017594;0.084360;0.000000;0.040300;-0.195898;-0.000000;
42;2.53787;0.957630;0.011868;0.996242;0.085795;0.782753;0.915957;-0.045248;0.398717;2.045830;0.401101;0.073852;-0.913052;0.181615;0.011553;0.996149;0.086917;0.782854;0.913809;-0.045809;0.403553;2.045014;0.405980;0.074763;-0.910819;0.181223;-0.012140;0.000000;-0.000000;0.000933;0.000000;0.000000;-0.016781;0.080407;0.000000;0.013551;-0.065873;-0.000000;
43;2.60376;0.963839;0.011413;0.996151;0.086906;0.782796;0.914013;-0.045640;0.403109;2.045199;0.405523;0.074833;-0.911016;0.181333;0.011180;0.996073;0.087830;0.782846;0.912080;-0.046161;0.407405;2.044352;0.409859;0.075553;-0.909015;0.180929;-0.012085;0.000000;-0.000000;0.000926;-0.000000;0.000000;-0.014467;0.071041;0.000000;0.038579;-0.156105;-0.000000;
44;2.662;0.956088;0.011070;0.996072;0.087852;0.782799;0.912211;-0.046046;0.407124;2.044499;0.409570;0.075633;-0.909138;0.181044;0.010807;0.995998;0.088715;0.782838;0.910351;-0.046506;0.411215;2.043694;0.413695;0.076318;-0.907211;0.180633;-0.012029;0.000000;-0.000000;0.000920;0.000000;0.000000;-0.014033;0.070405;0.000000;0.007226;-0.010595;-0.000000;
45;2.72589;0.963556;0.010699;0.996002;0.088684;0.782816;0.910600;-0.046349;0.410681;2.043815;0.413150;0.076361;-0.907456;0.180711;0.010449;0.995929;0.089537;0.782830;0.908689;-0.046829;0.414839;2.043039;0.417343;0.077027;-0.905479;0.180336;-0.011974;0.000000;-0.000000;0.000914;0.000000;0.000000;-0.013043;0.067077;0.000000;0.016506;-0.055478;-0.000000;
46;2.78712;0.967688;0.010419;0.995925;0.089579;0.782834;0.908844;-0.046791;0.414503;2.043138;0.417006;0.077094;-0.905628;0.180425;0.010103;0.995863;0.090308;0.782823;0.907086;-0.047135;0.418297;2.042390;0.420823;0.077691;-0.903810;0.180037;-0.011920;0.000000;-0.000000;0.000908;0.000000;0.000000;-0.012246;0.064124;0.000000;0.013285;-0.049205;-0.000000;
47;2.86579;0.961111;0.009956;0.995865;0.090296;0.782849;0.907357;-0.046948;0.417730;2.042530;0.420242;0.077772;-0.904073;0.180133;0.009774;0.995805;0.090975;0.782815;0.905561;-0.047401;0.421560;2.041744;0.424104;0.078263;-0.902225;0.179738;-0.011866;0.000000;-0.000000;0.000903;0.000000;0.000000;-0.010552;0.060549;0.000000;0.028232;-0.059586;-0.000000;
48;2.91982;0.960789;0.009780;0.995802;0.091009;0.782828;0.905729;-0.047390;0.421199;2.041850;0.423744;0.078310;-0.902391;0.179838;0.009444;0.995749;0.091623;0.782808;0.904035;-0.047662;0.424793;2.041102;0.427354;0.078819;-0.900642;0.179437;-0.011812;0.000000;-0.000000;0.000897;-0.000000;0.000000;-0.010273;0.060086;0.000000;0.004642;-0.007725;-0.000000;
49;2.97971;0.959948;0.009425;0.995745;0.091670;0.782825;0.904119;-0.047648;0.424615;2.041263;0.427176;0.078878;-0.900721;0.179522;0.009116;0.995696;0.092228;0.782802;0.902510;-0.047906;0.427996;2.040464;0.430572;0.079335;-0.899063;0.179135;-0.011759;0.000000;-0.000000;0.000891;-0.000000;0.000000;-0.009569;0.059610;0.000000;0.011741;-0.007931;-0.000000;
50;3.03979;0.959948;0.009090;0.995696;0.092230;0.782816;0.902658;-0.047858;0.427690;2.040587;0.430264;0.079365;-0.899208;0.179200;0.008785;0.995643;0.092832;0.782795;0.900974;-0.048153;0.431193;2.039830;0.433785;0.079851;-0.897471;0.178833;-0.011705;0.000000;-0.000000;0.000886;0.000000;0.000000;-0.009569;0.059610;0.000000;-0.000000;-0.000000;-0.000000;
51;3.09992;0.962409;0.008803;0.995643;0.092836;0.782829;0.901122;-0.048144;0.430883;2.039946;0.433475;0.079863;-0.897620;0.178905;0.008454;0.995591;0.093415;0.782789;0.899435;-0.048393;0.434367;2.039200;0.436973;0.080349;-0.895879;0.178530;-0.011653;0.000000;-0.000000;0.000880;-0.000000;0.000000;-0.009251;0.059258;0.000000;0.005303;-0.005859;-0.000000;
52;3.15981;0.957353;0.008465;0.995591;0.093420;0.782823;0.899585;-0.048378;0.434058;2.039320;0.436663;0.080365;-0.896028;0.178583;0.008131;0.995541;0.093980;0.782783;0.897934;-0.048628;0.437437;2.038574;0.440056;0.080831;-0.894325;0.178226;-0.011600;0.000000;-0.000000;0.000875;0.000000;0.000000;-0.008975;0.057406;0.000000;0.004593;-0.030875;-0.000000;
53;3.22212;0.954024;0.008111;0.995537;0.094022;0.782823;0.898066;-0.048604;0.437167;2.038685;0.439786;0.080892;-0.894452;0.178315;0.007822;0.995501;0.094433;0.782778;0.896493;-0.048816;0.440359;2.037952;0.442988;0.081214;-0.892842;0.177921;-0.011548;0.000000;-0.000000;0.000869;-0.000000;0.000000;-0.007142;0.054684;0.000000;0.030547;-0.045365;-0.000000;
54;3.28712;0.962192;0.007818;0.995496;0.094485;0.782777;0.896678;-0.048802;0.439984;2.038024;0.442614;0.081283;-0.893021;0.177954;0.007524;0.995464;0.094841;0.782772;0.895102;-0.048987;0.443162;2.037334;0.445798;0.081558;-0.891410;0.177615;-0.011496;0.000000;-0.000000;0.000864;-0.000000;0.000000;-0.006435;0.052494;0.000000;0.011790;-0.036496;-0.000000;
55;3.33986;0.958011;0.007520;0.995454;0.094942;0.782782;0.895170;-0.049016;0.443023;2.037466;0.445662;0.081658;-0.891469;0.177678;0.007224;0.995429;0.095232;0.782767;0.893703;-0.049151;0.445959;2.036719;0.448602;0.081887;-0.889973;0.177309;-0.011444;0.000000;-0.000000;0.000859;0.000000;0.000000;-0.006151;0.052465;0.000000;0.004728;-0.000493;-0.000000;
56;3.39988;0.958011;0.007272;0.995421;0.095308;0.782767;0.893874;-0.049196;0.445611;2.036787;0.448260;0.081952;-0.890139;0.177368;0.006924;0.995394;0.095621;0.782762;0.892294;-0.049316;0.448752;2.036108;0.451401;0.082215;-0.888526;0.177002;-0.011393;0.000000;-0.000000;0.000854;0.000000;0.000000;-0.006151;0.052465;0.000000;-0.000000;0.000000;-0.000000;
57;3.45997;0.957636;0.007023;0.995387;0.095685;0.782789;0.892458;-0.049402;0.448418;2.036180;0.451076;0.082245;-0.888688;0.177033;0.006628;0.995362;0.095973;0.782757;0.890901;-0.049465;0.451495;2.035501;0.454149;0.082510;-0.887097;0.176695;-0.011342;0.000000;-0.000000;0.000849;-0.000000;0.000000;-0.005543;0.051582;0.000000;0.010136;-0.014706;-0.000000;
58;3.51988;0.959045;0.006682;0.995347;0.096123;0.782796;0.890994;-0.049565;0.451301;2.035598;0.453965;0.082630;-0.887180;0.176815;0.006330;0.995333;0.096295;0.782753;0.889498;-0.049603;0.454239;2.034898;0.456895;0.082779;-0.885661;0.176388;-0.011292;0.000000;-0.000000;0.000843;0.000000;0.000000;-0.005047;0.051641;0.000000;0.008267;0.000973;-0.000000;
59;3.57993;0.959045;0.006444;0.995327;0.096346;0.782772;0.889602;-0.049708;0.454024;2.034997;0.456691;0.082784;-0.885765;0.176441;0.006031;0.995304;0.096615;0.782749;0.888086;-0.049741;0.456977;2.034298;0.459637;0.083047;-0.884216;0.176079;-0.011241;0.000000;-0.000000;0.000838;0.000000;0.000000;-0.005047;0.051641;0.000000;-0.000000;0.000000;-0.000000;
60;3.63983;0.955617;0.006130;0.995300;0.096644;0.782755;0.888220;-0.049817;0.456709;2.034380;0.459378;0.083041;-0.884351;0.176105;0.005745;0.995282;0.096852;0.782745;0.886730;-0.049841;0.459593;2.033701;0.462252;0.083241;-0.882833;0.175771;-0.011191;0.000000;-0.000000;0.000833;-0.000000;0.000000;-0.003663;0.049329;0.000000;0.023069;-0.038528;-0.000000;
61;3.69994;0.955617;0.005786;0.995275;0.096921;0.782776;0.886887;-0.049882;0.459285;2.033778;0.461950;0.083301;-0.882986;0.175821;0.005458;0.995261;0.097087;0.782741;0.885366;-0.049943;0.462204;2.033108;0.464863;0.083435;-0.881443;0.175462;-0.011142;0.000000;-0.000000;0.000828;0.000000;0.000000;-0.003663;0.049329;0.000000;-0.000000;-0.000000;-0.000000;
62;3.75997;0.953432;0.005514;0.995260;0.097089;0.782762;0.885542;-0.049962;0.461864;2.033195;0.464526;0.083430;-0.881621;0.175489;0.005169;0.995238;0.097334;0.782737;0.883989;-0.050050;0.464821;2.032519;0.467479;0.083639;-0.880038;0.175152;-0.011092;0.000000;-0.000000;0.000823;0.000000;0.000000;-0.003870;0.049512;0.000000;-0.003448;0.003045;0.000000;
63;3.81992;0.954053;0.005264;0.995238;0.097333;0.782735;0.884146;-0.050105;0.464517;2.032611;0.467182;0.083612;-0.880199;0.175179;0.004882;0.995217;0.097569;0.782734;0.882616;-0.050154;0.467411;2.031933;0.470069;0.083835;-0.878639;0.174843;-0.011043;0.000000;-0.000000;0.000818;0.000000;0.000000;-0.003700;0.049090;0.000000;0.002835;-0.007030;-0.000000;
64;3.87988;0.954053;0.004908;0.995216;0.097578;0.782757;0.882785;-0.050151;0.467093;2.032022;0.469752;0.083848;-0.878808;0.174890;0.004594;0.995195;0.097804;0.782731;0.881236;-0.050258;0.469998;2.031351;0.472655;0.084029;-0.877232;0.174533;-0.010994;0.000000;-0.000000;0.000814;-0.000000;0.000000;-0.003700;0.049090;0.000000;-0.000000;0.000000;-0.000000;
65;3.93989;0.954755;0.004575;0.995192;0.097835;0.782761;0.881386;-0.050228;0.469719;2.031450;0.472375;0.084081;-0.877378;0.174560;0.004317;0.995181;0.097965;0.782728;0.879904;-0.050328;0.472479;2.030772;0.475132;0.084160;-0.875881;0.174222;-0.010946;0.000000;-0.000000;0.000809;0.000000;0.000000;-0.002475;0.047096;0.000000;0.020405;-0.033232;-0.000000;
66;4.00012;0.948030;0.004322;0.995178;0.097986;0.782728;0.880004;-0.050324;0.472293;2.030893;0.474947;0.084187;-0.875978;0.174251;0.004042;0.995168;0.098107;0.782725;0.878572;-0.050390;0.474945;2.030197;0.477594;0.084274;-0.874530;0.173911;-0.010898;0.000000;-0.000000;0.000804;0.000000;0.000000;-0.002179;0.046877;0.000000;0.004935;-0.003656;-0.000000;
67;4.06017;0.952644;0.004053;0.995163;0.098156;0.782729;0.878686;-0.050402;0.474732;2.030304;0.477383;0.084324;-0.874640;0.173967;0.003762;0.995158;0.098219;0.782722;0.877215;-0.050438;0.477440;2.029625;0.480082;0.084363;-0.873157;0.173601;-0.010850;0.000000;-0.000000;0.000799;0.000000;0.000000;-0.001704;0.047465;0.000000;0.007926;0.009810;-0.000000;
68;4.11999;0.955139;0.003750;0.995150;0.098296;0.782752;0.877339;-0.050443;0.477213;2.029726;0.479857;0.084449;-0.873273;0.173639;0.003485;0.995149;0.098316;0.782720;0.875866;-0.050480;0.479908;2.029057;0.482543;0.084439;-0.871793;0.173289;-0.010802;0.000000;-0.000000;0.000794;-0.000000;0.000000;-0.001441;0.047000;0.000000;0.004371;-0.007750;-0.000000;
69;4.17997;0.960183;0.003455;0.995133;0.098478;0.782782;0.875937;-0.050520;0.479774;2.029168;0.482414;0.084603;-0.871848;0.173369;0.003211;0.995142;0.098395;0.782717;0.874525;-0.050514;0.482343;2.028491;0.484970;0.084500;-0.870439;0.172978;-0.010755;0.000000;-0.000000;0.000790;0.000000;0.000000;-0.001176;0.046447;0.000000;0.004422;-0.009219;-0.000000;
70;4.23995;0.952850;0.003208;0.995132;0.098495;0.782734;0.874659;-0.050536;0.482097;2.028551;0.484728;0.084603;-0.870564;0.173044;0.002942;0.995135;0.098472;0.782715;0.873203;-0.050547;0.484728;2.027930;0.487348;0.084560;-0.869104;0.172666;-0.010708;0.000000;-0.000000;0.000785;0.000000;0.000000;-0.001151;0.045555;0.000000;0.000418;-0.014860;-0.000000;
71;4.30754;0.954911;0.002950;0.995129;0.098536;0.782738;0.873388;-0.050553;0.484393;2.027977;0.487015;0.084631;-0.869283;0.172688;0.002677;0.995130;0.098535;0.782713;0.871898;-0.050574;0.487069;2.027371;0.489680;0.084608;-0.867787;0.172355;-0.010661;0.000000;-0.000000;0.000780;-0.000000;0.000000;-0.000924;0.044758;0.000000;0.003781;-0.013286;-0.000000;
72;4.37003;0.956216;0.002669;0.995124;0.098599;0.782726;0.872031;-0.050575;0.486830;2.027424;0.489443;0.084682;-0.867914;0.172383;0.002407;0.995124;0.098598;0.782712;0.870557;-0.050602;0.489459;2.026816;0.492062;0.084658;-0.866434;0.172043;-0.010614;0.000000;-0.000000;0.000776;-0.000000;0.000000;-0.000942;0.045785;0.000000;-0.000303;0.017107;0.000000;
73;4.42455;0.955898;0.002334;0.995119;0.098659;0.782712;0.870762;-0.050533;0.489100;2.026873;0.491698;0.084767;-0.866630;0.172104;0.002131;0.995119;0.098659;0.782710;0.869184;-0.050629;0.491889;2.026264;0.494483;0.084705;-0.865050;0.171731;-0.010568;0.000000;-0.000000;0.000771;0.000000;0.000000;-0.000918;0.046619;0.000000;0.000408;0.013898;0.000000;
74;4.48733;0.951217;0.002087;0.995108;0.098769;0.782735;0.869299;-0.050625;0.491687;2.026352;0.494282;0.084834;-0.865153;0.171781;0.001853;0.995114;0.098717;0.782709;0.867797;-0.050654;0.494331;2.025715;0.496916;0.084750;-0.863651;0.171419;-0.010522;0.000000;-0.000000;0.000767;-0.000000;0.000000;-0.000866;0.046898;0.000000;0.000870;0.004654;-0.000000;
75;4.55357;0.956349;0.001824;0.995097;0.098890;0.782755;0.867903;-0.050697;0.494140;2.025815;0.496731;0.084926;-0.863740;0.171470;0.001574;0.995108;0.098780;0.782708;0.866395;-0.050683;0.496780;2.025170;0.499356;0.084801;-0.862237;0.171106;-0.010476;0.000000;-0.000000;0.000762;0.000000;0.000000;-0.000981;0.047135;0.000000;-0.001922;0.003951;0.000000;
76;4.60591;0.956074;0.001542;0.995098;0.098880;0.782731;0.866537;-0.050682;0.496533;2.025274;0.499111;0.084917;-0.862367;0.171170;0.001295;0.995104;0.098823;0.782707;0.864991;-0.050703;0.499219;2.024627;0.501785;0.084835;-0.860822;0.170794;-0.010431;0.000000;-0.000000;0.000758;-0.000000;0.000000;-0.000656;0.046999;0.000000;0.005420;-0.002273;-0.000000;
77;4.67115;0.953192;0.001253;0.995093;0.098938;0.782720;0.865128;-0.050701;0.498981;2.024729;0.501549;0.084969;-0.860947;0.170836;0.001024;0.995101;0.098862;0.782706;0.863619;-0.050721;0.501586;2.024088;0.504143;0.084866;-0.859440;0.170481;-0.010386;0.000000;-0.000000;0.000753;0.000000;0.000000;-0.000602;0.045687;0.000000;0.000891;-0.021857;-0.000000;
78;4.72592;0.956416;0.000980;0.995094;0.098933;0.782720;0.863778;-0.050691;0.501315;2.024167;0.503871;0.084965;-0.859590;0.170484;0.000751;0.995097;0.098905;0.782705;0.862230;-0.050741;0.503969;2.023553;0.506516;0.084900;-0.858040;0.170168;-0.010341;0.000000;-0.000000;0.000749;-0.000000;0.000000;-0.000664;0.046059;0.000000;-0.001023;0.006197;0.000000;
79;4.79072;0.954886;0.000748;0.995091;0.098961;0.782729;0.862391;-0.050741;0.503694;2.023632;0.506243;0.084966;-0.858195;0.170201;0.000479;0.995094;0.098938;0.782705;0.860842;-0.050757;0.506334;2.023020;0.508872;0.084927;-0.856643;0.169855;-0.010296;0.000000;-0.000000;0.000744;0.000000;0.000000;-0.000528;0.045783;0.000000;0.002260;-0.004598;-0.000000;
80;4.8461;0.960975;0.000503;0.995088;0.098989;0.782714;0.860996;-0.050778;0.506071;2.023102;0.508612;0.084974;-0.856792;0.169899;0.000201;0.995091;0.098967;0.782705;0.859415;-0.050772;0.508752;2.022490;0.511279;0.084952;-0.855206;0.169542;-0.010252;0.000000;-0.000000;0.000740;0.000000;0.000000;-0.000475;0.046884;0.000000;0.000884;0.018346;0.000000;
81;4.90595;0.954589;0.000226;0.995086;0.099010;0.782730;0.859583;-0.050787;0.508467;2.022568;0.510997;0.084992;-0.855371;0.169566;-0.000087;0.995088;0.098990;0.782704;0.857932;-0.050783;0.511248;2.021964;0.513764;0.084971;-0.853714;0.169229;-0.010208;0.000000;-0.000000;0.000735;0.000000;0.000000;-0.000387;0.048457;0.000000;0.001468;0.026215;0.000000;
82;4.97079;0.960511;-0.000104;0.995080;0.099073;0.782718;0.858082;-0.050786;0.510995;2.022050;0.513513;0.085066;-0.853855;0.169289;-0.000378;0.995086;0.099010;0.782704;0.856423;-0.050794;0.513771;2.021441;0.516275;0.084989;-0.852195;0.168916;-0.010164;0.000000;-0.000000;0.000731;-0.000000;0.000000;-0.000342;0.049079;0.000000;0.000743;0.010374;0.000000;
83;5.02596;0.958430;-0.000399;0.995076;0.099110;0.782731;0.856556;-0.050806;0.513547;2.021528;0.516054;0.085098;-0.852318;0.168989;-0.000677;0.995085;0.099025;0.782705;0.854871;-0.050802;0.516348;2.020921;0.518840;0.085003;-0.850635;0.168602;-0.010120;0.000000;-0.000000;0.000727;0.000000;0.000000;-0.000278;0.050210;0.000000;0.001068;0.018843;0.000000;
84;5.08981;0.960599;-0.000671;0.995079;0.099082;0.782742;0.855045;-0.050808;0.516059;2.020993;0.518554;0.085066;-0.850803;0.168670;-0.000974;0.995084;0.099032;0.782705;0.853318;-0.050808;0.518909;2.020404;0.521389;0.085011;-0.849074;0.168289;-0.010077;0.000000;-0.000000;0.000722;0.000000;0.000000;-0.000161;0.049989;0.000000;0.001944;-0.003686;-0.000000;
85;5.15341;0.957396;-0.000991;0.995069;0.099179;0.782733;0.853443;-0.050850;0.518700;2.020484;0.521186;0.085158;-0.849184;0.168372;-0.001270;0.995083;0.099033;0.782706;0.851765;-0.050810;0.521455;2.019890;0.523923;0.085015;-0.847512;0.167975;-0.010034;0.000000;-0.000000;0.000718;-0.000000;0.000000;-0.000075;0.049778;0.000000;0.001447;-0.003506;-0.000000;
86;5.20594;0.959853;-0.001278;0.995068;0.099188;0.782720;0.851896;-0.050862;0.521235;2.019970;0.523709;0.085164;-0.847630;0.168076;-0.001562;0.995083;0.099036;0.782706;0.850221;-0.050814;0.523967;2.019380;0.526423;0.085021;-0.845961;0.167661;-0.009991;0.000000;-0.000000;0.000713;0.000000;0.000000;-0.000118;0.049218;0.000000;-0.000716;-0.009340;-0.000000;
87;5.27802;0.956829;-0.001652;0.995072;0.099143;0.782728;0.850485;-0.050750;0.523545;2.019462;0.525997;0.085185;-0.846210;0.167750;-0.001858;0.995083;0.099030;0.782707;0.848654;-0.050813;0.526502;2.018872;0.528945;0.085020;-0.844387;0.167347;-0.009948;0.000000;-0.000000;0.000709;0.000000;0.000000;0.000022;0.049729;0.000000;0.002332;0.008523;-0.000000;
88;5.33794;0.961475;-0.001796;0.995074;0.099117;0.782725;0.848852;-0.050879;0.526177;2.018930;0.528628;0.085080;-0.844579;0.167408;-0.002150;0.995082;0.099028;0.782708;0.847093;-0.050815;0.529009;2.018368;0.531440;0.085024;-0.842818;0.167032;-0.009906;0.000000;-0.000000;0.000705;-0.000000;0.000000;-0.000076;0.049290;0.000000;-0.001634;-0.007315;0.000000;
89;5.39794;0.962109;-0.002114;0.995078;0.099076;0.782741;0.847341;-0.050832;0.528610;2.018413;0.531044;0.085069;-0.843063;0.167107;-0.002455;0.995079;0.099056;0.782710;0.845461;-0.050834;0.531612;2.017866;0.534031;0.085053;-0.841176;0.166718;-0.009864;0.000000;-0.000000;0.000701;0.000000;0.000000;-0.000586;0.051289;0.000000;-0.008504;0.033318;0.000000;
90;5.45797;0.960025;-0.002431;0.995067;0.099180;0.782776;0.845581;-0.050902;0.531416;2.017958;0.533842;0.085157;-0.841285;0.166817;-0.002770;0.995074;0.099091;0.782711;0.843769;-0.050857;0.534292;2.017368;0.536700;0.085090;-0.839472;0.166403;-0.009822;0.000000;-0.000000;0.000696;0.000000;0.000000;-0.000727;0.052937;0.000000;-0.002349;0.027453;0.000000;
91;5.51799;0.955818;-0.002822;0.995064;0.099192;0.782729;0.843925;-0.050842;0.534047;2.017474;0.536454;0.085218;-0.839616;0.166489;-0.003082;0.995070;0.099124;0.782713;0.842084;-0.050880;0.536941;2.016873;0.539338;0.085125;-0.837776;0.166088;-0.009781;0.000000;-0.000000;0.000692;-0.000000;0.000000;-0.000704;0.052414;0.000000;0.000386;-0.008702;-0.000000;
92;5.57787;0.957875;-0.003087;0.995062;0.099205;0.782737;0.842253;-0.050893;0.536675;2.016974;0.539074;0.085212;-0.837937;0.166184;-0.003387;0.995068;0.099136;0.782715;0.840427;-0.050892;0.539530;2.016381;0.541914;0.085144;-0.836110;0.165773;-0.009739;0.000000;-0.000000;0.000688;0.000000;0.000000;-0.000372;0.051309;0.000000;0.005536;-0.018420;-0.000000;
93;5.63782;0.962357;-0.003422;0.995052;0.099294;0.782753;0.840573;-0.050925;0.539299;2.016475;0.541687;0.085309;-0.836240;0.165880;-0.003686;0.995064;0.099166;0.782717;0.838794;-0.050914;0.542064;2.015892;0.544437;0.085178;-0.834466;0.165457;-0.009698;0.000000;-0.000000;0.000683;-0.000000;0.000000;-0.000676;0.050338;0.000000;-0.005077;-0.016192;0.000000;
94;5.69784;0.961573;-0.003666;0.995059;0.099214;0.782716;0.838972;-0.050929;0.541787;2.015979;0.544163;0.085224;-0.834640;0.165525;-0.003977;0.995065;0.099146;0.782719;0.837199;-0.050909;0.544523;2.015406;0.546884;0.085171;-0.832865;0.165142;-0.009658;0.000000;-0.000000;0.000679;0.000000;0.000000;0.000147;0.048915;0.000000;0.013724;-0.023705;-0.000000;
95;5.75785;0.955331;-0.003988;0.995054;0.099258;0.782750;0.837337;-0.050939;0.544309;2.015490;0.546673;0.085283;-0.832992;0.165242;-0.004266;0.995065;0.099131;0.782721;0.835609;-0.050907;0.546960;2.014923;0.549308;0.085168;-0.831269;0.164826;-0.009617;0.000000;-0.000000;0.000675;-0.000000;0.000000;0.000059;0.048554;0.000000;-0.001474;-0.006024;0.000000;
96;5.81782;0.957848;-0.004221;0.995064;0.099146;0.782725;0.835818;-0.050921;0.546641;2.014976;0.548991;0.085176;-0.831477;0.164886;-0.004558;0.995066;0.099110;0.782723;0.833993;-0.050903;0.549422;2.014443;0.551756;0.085161;-0.829646;0.164511;-0.009577;0.000000;-0.000000;0.000671;-0.000000;0.000000;0.000131;0.049140;0.000000;0.001195;0.009775;0.000000;
97;5.87794;0.960565;-0.004523;0.995060;0.099171;0.782754;0.834127;-0.050946;0.549215;2.014525;0.551555;0.085205;-0.829776;0.164576;-0.004849;0.995067;0.099089;0.782726;0.832377;-0.050899;0.551868;2.013965;0.554189;0.085155;-0.828023;0.164195;-0.009537;0.000000;-0.000000;0.000667;0.000000;0.000000;0.000115;0.048928;0.000000;-0.000253;-0.003543;-0.000000;
98;5.93778;0.966663;-0.004829;0.995059;0.099166;0.782742;0.832527;-0.050935;0.551638;2.014036;0.553963;0.085223;-0.828168;0.164285;-0.005141;0.995068;0.099062;0.782729;0.830748;-0.050892;0.554317;2.013491;0.556625;0.085145;-0.826389;0.163879;-0.009497;0.000000;-0.000000;0.000663;0.000000;0.000000;0.000204;0.049067;0.000000;0.001480;0.002324;-0.000000;
99;5.99804;0.963979;-0.005078;0.995064;0.099104;0.782731;0.830956;-0.050936;0.554002;2.013554;0.556316;0.085164;-0.826595;0.163965;-0.005422;0.995072;0.099010;0.782732;0.829171;-0.050872;0.556675;2.013020;0.558968;0.085115;-0.824809;0.163563;-0.009458;0.000000;-0.000000;0.000659;-0.000000;0.000000;0.000614;0.047308;0.000000;0.006837;-0.029319;-0.000000;
100;6.05784;0.961237;-0.005422;0.995061;0.099119;0.782744;0.829309;-0.050911;0.556466;2.013095;0.558764;0.085217;-0.824937;0.163644;-0.005696;0.995074;0.098972;0.782735;0.827626;-0.050859;0.558971;2.012551;0.561251;0.085096;-0.823260;0.163248;-0.009418;0.000000;-0.000000;0.000655;-0.000000;0.000000;0.000379;0.046165;0.000000;-0.003916;-0.019048;0.000000;
101;6.11782;0.964785;-0.005619;0.995067;0.099048;0.782731;0.827813;-0.050937;0.558687;2.012602;0.560977;0.085133;-0.823443;0.163318;-0.005962;0.995078;0.098911;0.782738;0.826121;-0.050833;0.561196;2.012085;0.563462;0.085058;-0.821752;0.162932;-0.009379;0.000000;-0.000000;0.000651;0.000000;0.000000;0.000769;0.044806;0.000000;0.006497;-0.022651;-0.000000;
102;6.17796;0.957468;-0.005919;0.995072;0.098981;0.782740;0.826292;-0.050882;0.560939;2.012138;0.563211;0.085107;-0.821918;0.163011;-0.006228;0.995082;0.098860;0.782741;0.824612;-0.050813;0.563412;2.011622;0.565665;0.085030;-0.820240;0.162616;-0.009340;0.000000;-0.000000;0.000647;0.000000;0.000000;0.000581;0.044720;0.000000;-0.003140;-0.001440;0.000000;
103;6.23796;0.960067;-0.006144;0.995077;0.098915;0.782735;0.824808;-0.050884;0.563119;2.011668;0.565379;0.085046;-0.820435;0.162656;-0.006496;0.995083;0.098828;0.782745;0.823079;-0.050805;0.565650;2.011162;0.567890;0.085017;-0.818702;0.162300;-0.009302;0.000000;-0.000000;0.000643;0.000000;0.000000;0.000249;0.045252;0.000000;-0.005535;0.008868;0.000000;
104;6.29796;0.958247;-0.006468;0.995073;0.098930;0.782760;0.823238;-0.050863;0.565413;2.011223;0.567659;0.085100;-0.818853;0.162369;-0.006766;0.995083;0.098809;0.782748;0.821531;-0.050805;0.567895;2.010705;0.570123;0.085017;-0.817149;0.161985;-0.009264;0.000000;-0.000000;0.000639;0.000000;0.000000;0.000005;0.045509;0.000000;-0.004061;0.004279;0.000000;
105;6.35816;0.963778;-0.006785;0.995067;0.098971;0.782798;0.821627;-0.050867;0.567751;2.010786;0.569985;0.085170;-0.817229;0.162103;-0.007040;0.995082;0.098801;0.782752;0.819952;-0.050811;0.570172;2.010250;0.572388;0.085026;-0.815562;0.161669;-0.009225;0.000000;-0.000000;0.000635;-0.000000;-0.000000;-0.000190;0.046251;0.000000;-0.003255;0.012372;0.000000;
106;6.4183;0.960129;-0.007032;0.995069;0.098935;0.782764;0.820077;-0.050876;0.569987;2.010339;0.572209;0.085143;-0.815676;0.161779;-0.007307;0.995085;0.098750;0.782756;0.818410;-0.050793;0.572385;2.009798;0.574588;0.085001;-0.814017;0.161353;-0.009187;0.000000;-0.000000;0.000632;0.000000;0.000000;0.000529;0.044997;0.000000;0.011989;-0.020905;-0.000000;
107;6.47803;0.963827;-0.007311;0.995070;0.098908;0.782788;0.818535;-0.050861;0.572200;2.009878;0.574410;0.085143;-0.814128;0.161431;-0.007565;0.995089;0.098694;0.782760;0.816911;-0.050772;0.574525;2.009349;0.576714;0.084970;-0.812515;0.161038;-0.009150;0.000000;-0.000000;0.000628;-0.000000;0.000000;0.000624;0.043570;0.000000;0.001579;-0.023774;-0.000000;
108;6.53796;0.964461;-0.007626;0.995079;0.098795;0.782788;0.817049;-0.050760;0.574330;2.009432;0.576518;0.085100;-0.812641;0.161113;-0.007815;0.995094;0.098623;0.782764;0.815453;-0.050742;0.576596;2.008902;0.578771;0.084928;-0.811056;0.160723;-0.009112;0.000000;-0.000000;0.000624;0.000000;0.000000;0.000860;0.042230;0.000000;0.003935;-0.022335;-0.000000;
109;6.5983;0.967734;-0.007836;0.995088;0.098680;0.782780;0.815624;-0.050733;0.576354;2.008971;0.578529;0.085003;-0.811221;0.160760;-0.008059;0.995102;0.098520;0.782768;0.814021;-0.050694;0.578619;2.008458;0.580780;0.084861;-0.809626;0.160408;-0.009075;0.000000;-0.000000;0.000620;-0.000000;0.000000;0.001390;0.041312;0.000000;0.008836;-0.015310;-0.000000;
110;6.65797;0.967807;-0.008078;0.995091;0.098635;0.782777;0.814133;-0.050728;0.578459;2.008551;0.580623;0.084975;-0.809726;0.160442;-0.008301;0.995108;0.098442;0.782773;0.812598;-0.050660;0.580619;2.008016;0.582765;0.084813;-0.808203;0.160093;-0.009038;0.000000;-0.000000;0.000617;0.000000;0.000000;0.000983;0.040910;0.000000;-0.006790;-0.006688;0.000000;
