message_number;message_time_s;ellipse_factor;prev_real_position_0_0;prev_real_position_0_1;prev_real_position_0_2;prev_real_position_0_3;prev_real_position_1_0;prev_real_position_1_1;prev_real_position_1_2;prev_real_position_1_3;prev_real_position_2_0;prev_real_position_2_1;prev_real_position_2_2;prev_real_position_2_3;np_0_0;np_0_1;np_0_2;np_0_3;np_1_0;np_1_1;np_1_2;np_1_3;np_2_0;np_2_1;np_2_2;np_2_3;velocity_0;velocity_1;velocity_2;acceleration_0;acceleration_1;acceleration_2;angular_velocity_0;angular_velocity_1;angular_velocity_2;angular_acceleration_0;angular_acceleration_1;angular_acceleration_2;
0;0;0.000000;0.007917;0.999956;-0.005053;0.780058;0.999795;-0.008010;-0.018596;2.080186;-0.018635;-0.004905;-0.999814;0.432600;0.007917;0.999956;-0.005053;0.780444;0.999795;-0.008010;-0.018596;2.081194;-0.018635;-0.004905;-0.999814;0.432580;0.016865;0.006290;0.000000;0.281085;0.104838;0.000000;0.000000;0.000000;0.000000;0.000000;0.000000;0.000000;
1;0.0599442;0.000000;0.008162;0.999954;-0.005043;0.780167;0.999793;-0.008255;-0.018606;2.080636;-0.018646;-0.004891;-0.999814;0.432596;0.007917;0.999956;-0.005053;0.781158;0.999795;-0.008010;-0.018596;2.083061;-0.018635;-0.004905;-0.999814;0.432541;0.031217;0.011659;0.000000;0.239193;0.089471;0.000000;0.000000;0.000000;0.000000;0.000000;0.000000;0.000000;
2;0.119819;0.000000;0.007991;0.999956;-0.005008;0.780735;0.999794;-0.008084;-0.018644;2.082338;-0.018684;-0.004858;-0.999814;0.432602;0.007917;0.999956;-0.005053;0.781871;0.999795;-0.008010;-0.018596;2.084929;-0.018635;-0.004905;-0.999814;0.432503;0.031228;0.011637;0.000000;0.000181;-0.000354;0.000000;0.000000;0.000000;0.000000;0.000000;0.000000;0.000000;
3;0.179829;0.000000;0.007734;0.999958;-0.004962;0.781590;0.999795;-0.007825;-0.018694;2.084532;-0.018732;-0.004817;-0.999813;0.432611;0.007917;0.999956;-0.005053;0.782581;0.999795;-0.008010;-0.018596;2.086784;-0.018635;-0.004905;-0.999814;0.432465;0.031014;0.011592;0.000000;-0.003560;-0.000759;-0.000000;0.000000;0.000000;0.000000;0.000000;0.000000;0.000000;
4;0.23991;0.000000;0.007771;0.999958;-0.004922;0.782386;0.999794;-0.007862;-0.018737;2.086449;-0.018775;-0.004776;-0.999812;0.432618;0.007917;0.999956;-0.005053;0.783271;0.999795;-0.008010;-0.018596;2.088568;-0.018635;-0.004905;-0.999814;0.432428;0.029826;0.011258;0.000000;-0.019798;-0.005566;-0.000000;0.000000;0.000000;0.000000;0.000000;0.000000;0.000000;
5;0.299919;0.000000;0.007791;0.999958;-0.004883;0.783145;0.999793;-0.007881;-0.018758;2.088310;-0.018796;-0.004736;-0.999812;0.432617;0.007917;0.999956;-0.005053;0.783960;0.999795;-0.008010;-0.018596;2.090351;-0.018635;-0.004905;-0.999814;0.432392;0.029826;0.011258;0.000000;0.000000;0.000000;0.000000;0.000000;0.000000;0.000000;0.000000;0.000000;0.000000;
6;0.359837;0.000000;0.007886;0.999957;-0.004846;0.783832;0.999792;-0.007976;-0.018797;2.090064;-0.018835;-0.004697;-0.999812;0.432609;0.007917;0.999956;-0.005053;0.784615;0.999795;-0.008010;-0.018596;2.092033;-0.018635;-0.004905;-0.999814;0.432357;0.028123;0.010684;0.000000;-0.028381;-0.009567;-0.000000;0.000000;0.000000;0.000000;0.000000;0.000000;0.000000;
7;0.419846;0.000000;0.007900;0.999957;-0.004923;0.784532;0.999787;-0.007992;-0.019018;2.091803;-0.019056;-0.004772;-0.999807;0.432561;0.007917;0.999956;-0.005053;0.785247;0.999795;-0.008010;-0.018596;2.093657;-0.018635;-0.004905;-0.999814;0.432324;0.027144;0.010330;0.000000;-0.016321;-0.005892;-0.000000;0.000000;0.000000;0.000000;0.000000;0.000000;0.000000;
8;0.47983;0.000000;0.007924;0.999956;-0.004976;0.785153;0.999785;-0.008017;-0.019114;2.093425;-0.019153;-0.004823;-0.999805;0.432439;0.007917;0.999956;-0.005053;0.785867;0.999795;-0.008010;-0.018596;2.095247;-0.018635;-0.004905;-0.999814;0.432291;0.026593;0.010124;0.000000;-0.009185;-0.003445;-0.000000;0.000000;0.000000;0.000000;0.000000;0.000000;0.000000;
9;0.539989;0.000000;0.007937;0.999956;-0.005013;0.785800;0.999788;-0.008031;-0.018985;2.095041;-0.019025;-0.004861;-0.999807;0.432336;0.007917;0.999956;-0.005053;0.786477;0.999795;-0.008010;-0.018596;2.096812;-0.018635;-0.004905;-0.999814;0.432259;0.026171;0.009956;0.000000;-0.007031;-0.002788;-0.000000;0.000000;0.000000;0.000000;0.000000;0.000000;0.000000;
10;0.609596;0.000000;0.007948;0.999956;-0.005012;0.786430;0.999794;-0.008040;-0.018652;2.096625;-0.018692;-0.004863;-0.999813;0.432299;0.007917;0.999956;-0.005053;0.787072;0.999795;-0.008010;-0.018596;2.098323;-0.018635;-0.004905;-0.999814;0.432228;0.025256;0.009714;0.000000;-0.015257;-0.004037;-0.000000;0.000000;0.000000;0.000000;0.000000;0.000000;0.000000;
11;0.663022;0.000000;0.007970;0.999956;-0.005017;0.786991;0.999796;-0.008061;-0.018522;2.098117;-0.018561;-0.004868;-0.999816;0.432249;0.007917;0.999956;-0.005053;0.787654;0.999795;-0.008010;-0.018596;2.099803;-0.018635;-0.004905;-0.999814;0.432197;0.024758;0.009506;0.000000;-0.008293;-0.003465;-0.000000;0.000000;0.000000;0.000000;0.000000;0.000000;0.000000;
12;0.722715;0.000000;0.007968;0.999956;-0.005047;0.787579;0.999798;-0.008060;-0.018431;2.099602;-0.018471;-0.004899;-0.999817;0.432212;0.007917;0.999956;-0.005053;0.788218;0.999795;-0.008010;-0.018596;2.101227;-0.018635;-0.004905;-0.999814;0.432168;0.023809;0.009212;0.000000;-0.015822;-0.004899;-0.000000;0.000000;0.000000;0.000000;0.000000;0.000000;0.000000;
13;0.781866;0.000000;0.007942;0.999956;-0.005041;0.788167;0.999798;-0.008033;-0.018402;2.101063;-0.018442;-0.004894;-0.999818;0.432187;0.007917;0.999956;-0.005053;0.788782;0.999795;-0.008010;-0.018596;2.102651;-0.018635;-0.004905;-0.999814;0.432138;0.023809;0.009212;0.000000;-0.000000;0.000000;0.000000;0.000000;0.000000;0.000000;0.000000;0.000000;0.000000;
14;0.841855;0.000000;0.007942;0.999956;-0.005037;0.788720;0.999798;-0.008033;-0.018433;2.102466;-0.018473;-0.004890;-0.999817;0.432168;0.007917;0.999956;-0.005053;0.789319;0.999795;-0.008010;-0.018596;2.104000;-0.018635;-0.004905;-0.999814;0.432111;0.022567;0.008766;0.000000;-0.020686;-0.007435;-0.000000;0.000000;0.000000;0.000000;0.000000;0.000000;0.000000;
15;0.901919;0.000000;0.007841;0.999957;-0.005046;0.789262;0.999797;-0.007933;-0.018505;2.103854;-0.018544;-0.004900;-0.999816;0.432134;0.007917;0.999956;-0.005053;0.789846;0.999795;-0.008010;-0.018596;2.105325;-0.018635;-0.004905;-0.999814;0.432083;0.022157;0.008616;0.000000;-0.006846;-0.002495;-0.000000;0.000000;0.000000;0.000000;0.000000;0.000000;0.000000;
16;0.961917;0.000000;0.007853;0.999956;-0.005044;0.789774;0.999796;-0.007945;-0.018555;2.105166;-0.018594;-0.004897;-0.999815;0.432095;0.007917;0.999956;-0.005053;0.790374;0.999795;-0.008010;-0.018596;2.106650;-0.018635;-0.004905;-0.999814;0.432056;0.022157;0.008616;0.000000;-0.000000;0.000000;0.000000;0.000000;0.000000;0.000000;0.000000;0.000000;0.000000;
17;1.0227;0.000000;0.007906;0.999956;-0.005042;0.790333;0.999795;-0.007999;-0.018604;2.106470;-0.018643;-0.004894;-0.999814;0.432068;0.007917;0.999956;-0.005053;0.790876;0.999795;-0.008010;-0.018596;2.107898;-0.018635;-0.004905;-0.999814;0.432030;0.020867;0.008199;0.000000;-0.021494;-0.006961;-0.000000;0.000000;0.000000;0.000000;0.000000;0.000000;0.000000;
18;1.08188;0.000000;0.007936;0.999956;-0.005053;0.790832;0.999793;-0.008029;-0.018673;2.107759;-0.018713;-0.004903;-0.999813;0.432026;0.007917;0.999956;-0.005053;0.791371;0.999795;-0.008010;-0.018596;2.109124;-0.018635;-0.004905;-0.999814;0.432005;0.020495;0.008087;0.000000;-0.006208;-0.001867;-0.000000;0.000000;0.000000;0.000000;0.000000;0.000000;0.000000;
19;1.15389;0.000000;0.008035;0.999955;-0.005066;0.791276;0.999792;-0.008129;-0.018698;2.108884;-0.018739;-0.004915;-0.999812;0.431978;0.007917;0.999956;-0.005053;0.791857;0.999795;-0.008010;-0.018596;2.110329;-0.018635;-0.004905;-0.999814;0.431980;0.020158;0.007945;0.000000;-0.005602;-0.002356;-0.000000;0.000000;0.000000;0.000000;0.000000;0.000000;0.000000;
20;1.21392;0.000000;0.007933;0.999956;-0.005053;0.791768;0.999793;-0.008027;-0.018706;2.110159;-0.018746;-0.004903;-0.999812;0.431952;0.007917;0.999956;-0.005053;0.792320;0.999795;-0.008010;-0.018596;2.111467;-0.018635;-0.004905;-0.999814;0.431957;0.019028;0.007570;0.000000;-0.018843;-0.006253;-0.000000;0.000000;0.000000;0.000000;0.000000;0.000000;0.000000;
21;1.27414;0.000000;0.007884;0.999956;-0.005054;0.792251;0.999793;-0.007977;-0.018691;2.111313;-0.018730;-0.004905;-0.999813;0.431923;0.007917;0.999956;-0.005053;0.792777;0.999795;-0.008010;-0.018596;2.112590;-0.018635;-0.004905;-0.999814;0.431933;0.018787;0.007474;0.000000;-0.004013;-0.001605;-0.000000;0.000000;0.000000;0.000000;0.000000;0.000000;0.000000;
22;1.33391;0.000000;0.007917;0.999956;-0.005044;0.792711;0.999795;-0.008009;-0.018593;2.112425;-0.018632;-0.004896;-0.999814;0.431908;0.007917;0.999956;-0.005053;0.793235;0.999795;-0.008010;-0.018596;2.113714;-0.018635;-0.004905;-0.999814;0.431910;0.018787;0.007474;0.000000;0.000000;-0.000000;0.000000;0.000000;0.000000;0.000000;0.000000;0.000000;0.000000;
23;1.39392;0.000000;0.007887;0.999956;-0.005046;0.793182;0.999796;-0.007979;-0.018557;2.113564;-0.018596;-0.004899;-0.999815;0.431890;0.007917;0.999956;-0.005053;0.793660;0.999795;-0.008010;-0.018596;2.114750;-0.018635;-0.004905;-0.999814;0.431889;0.017337;0.006956;0.000000;-0.024176;-0.008627;-0.000000;0.000000;0.000000;0.000000;0.000000;0.000000;0.000000;
24;1.45407;0.000000;0.007944;0.999956;-0.005050;0.793583;0.999795;-0.008037;-0.018580;2.114609;-0.018620;-0.004901;-0.999815;0.431878;0.007917;0.999956;-0.005053;0.794080;0.999795;-0.008010;-0.018596;2.115767;-0.018635;-0.004905;-0.999814;0.431868;0.017005;0.006863;0.000000;-0.005520;-0.001549;-0.000000;0.000000;0.000000;0.000000;0.000000;0.000000;0.000000;
25;1.5139;0.000000;0.007976;0.999955;-0.005054;0.794007;0.999794;-0.008069;-0.018602;2.115620;-0.018642;-0.004904;-0.999814;0.431860;0.007917;0.999956;-0.005053;0.794483;0.999795;-0.008010;-0.018596;2.116747;-0.018635;-0.004905;-0.999814;0.431847;0.016391;0.006588;0.000000;-0.010238;-0.004590;-0.000000;0.000000;0.000000;0.000000;0.000000;0.000000;0.000000;
26;1.57401;0.000000;0.007921;0.999956;-0.005058;0.794434;0.999794;-0.008014;-0.018625;2.116632;-0.018665;-0.004909;-0.999814;0.431848;0.007917;0.999956;-0.005053;0.794881;0.999795;-0.008010;-0.018596;2.117708;-0.018635;-0.004905;-0.999814;0.431828;0.016069;0.006497;0.000000;-0.005366;-0.001518;-0.000000;0.000000;0.000000;0.000000;0.000000;0.000000;0.000000;
27;1.63389;0.000000;0.007948;0.999956;-0.005051;0.794832;0.999794;-0.008041;-0.018626;2.117592;-0.018665;-0.004902;-0.999814;0.431832;0.007917;0.999956;-0.005053;0.795265;0.999795;-0.008010;-0.018596;2.118634;-0.018635;-0.004905;-0.999814;0.431808;0.015486;0.006288;0.000000;-0.009724;-0.003482;-0.000000;0.000000;0.000000;0.000000;0.000000;0.000000;0.000000;
28;1.69392;0.000000;0.007929;0.999956;-0.005056;0.795188;0.999794;-0.008022;-0.018647;2.118536;-0.018686;-0.004908;-0.999813;0.431814;0.007917;0.999956;-0.005053;0.795643;0.999795;-0.008010;-0.018596;2.119543;-0.018635;-0.004905;-0.999814;0.431790;0.015201;0.006176;0.000000;-0.004742;-0.001860;-0.000000;0.000000;0.000000;0.000000;0.000000;0.000000;0.000000;
29;1.75387;0.000000;0.007960;0.999956;-0.005051;0.795598;0.999794;-0.008053;-0.018646;2.119437;-0.018686;-0.004901;-0.999813;0.431796;0.007917;0.999956;-0.005053;0.796010;0.999795;-0.008010;-0.018596;2.120419;-0.018635;-0.004905;-0.999814;0.431771;0.014644;0.005997;0.000000;-0.009290;-0.002992;-0.000000;0.000000;0.000000;0.000000;0.000000;0.000000;0.000000;
30;1.81391;0.000000;0.007968;0.999956;-0.005046;0.795977;0.999794;-0.008060;-0.018625;2.120322;-0.018665;-0.004896;-0.999814;0.431780;0.007917;0.999956;-0.005053;0.796369;0.999795;-0.008010;-0.018596;2.121279;-0.018635;-0.004905;-0.999814;0.431754;0.014394;0.005875;0.000000;-0.004161;-0.002031;-0.000000;0.000000;0.000000;0.000000;0.000000;0.000000;0.000000;
31;1.88932;0.000000;0.008031;0.999955;-0.005055;0.796321;0.999794;-0.008123;-0.018622;2.121120;-0.018662;-0.004904;-0.999814;0.431749;0.007917;0.999956;-0.005053;0.796716;0.999795;-0.008010;-0.018596;2.122105;-0.018635;-0.004905;-0.999814;0.431737;0.013806;0.005666;0.000000;-0.009803;-0.003491;-0.000000;0.000000;0.000000;0.000000;0.000000;0.000000;0.000000;
32;1.94588;0.000000;0.007929;0.999956;-0.005050;0.796666;0.999795;-0.008022;-0.018601;2.122005;-0.018641;-0.004901;-0.999814;0.431732;0.007917;0.999956;-0.005053;0.797057;0.999795;-0.008010;-0.018596;2.122914;-0.018635;-0.004905;-0.999814;0.431720;0.013538;0.005577;0.000000;-0.004469;-0.001472;-0.000000;0.000000;0.000000;0.000000;0.000000;0.000000;0.000000;
33;2.00603;0.000000;0.007918;0.999956;-0.005047;0.797032;0.999795;-0.008010;-0.018578;2.122813;-0.018617;-0.004899;-0.999815;0.431715;0.007917;0.999956;-0.005053;0.797393;0.999795;-0.008010;-0.018596;2.123716;-0.018635;-0.004905;-0.999814;0.431703;0.013416;0.005505;0.000000;-0.002035;-0.001209;-0.000000;0.000000;0.000000;0.000000;0.000000;0.000000;0.000000;
34;2.06943;0.000000;0.007936;0.999956;-0.005043;0.797361;0.999795;-0.008029;-0.018575;2.123604;-0.018614;-0.004895;-0.999815;0.431704;0.007917;0.999956;-0.005053;0.797713;0.999795;-0.008010;-0.018596;2.124471;-0.018635;-0.004905;-0.999814;0.431687;0.012622;0.005233;0.000000;-0.013228;-0.004521;-0.000000;0.000000;0.000000;0.000000;0.000000;0.000000;0.000000;
35;2.12625;0.000000;0.007922;0.999956;-0.005053;0.797685;0.999796;-0.008014;-0.018551;2.124386;-0.018591;-0.004905;-0.999815;0.431690;0.007917;0.999956;-0.005053;0.798033;0.999795;-0.008010;-0.018596;2.125226;-0.018635;-0.004905;-0.999814;0.431672;0.012622;0.005233;0.000000;-0.000000;-0.000000;0.000000;0.000000;0.000000;0.000000;0.000000;0.000000;0.000000;
36;2.19372;0.000000;0.007943;0.999956;-0.005052;0.798014;0.999796;-0.008035;-0.018526;2.125100;-0.018566;-0.004904;-0.999816;0.431679;0.007917;0.999956;-0.005053;0.798342;0.999795;-0.008010;-0.018596;2.125951;-0.018635;-0.004905;-0.999814;0.431657;0.012135;0.005052;0.000000;-0.008116;-0.003020;-0.000000;0.000000;0.000000;0.000000;0.000000;0.000000;0.000000;
37;2.24587;0.000000;0.007947;0.999956;-0.005062;0.798329;0.999796;-0.008039;-0.018523;2.125857;-0.018563;-0.004914;-0.999816;0.431659;0.007917;0.999956;-0.005053;0.798651;0.999795;-0.008010;-0.018596;2.126677;-0.018635;-0.004905;-0.999814;0.431642;0.012135;0.005052;0.000000;0.000000;0.000000;0.000000;0.000000;0.000000;0.000000;0.000000;0.000000;0.000000;
38;2.31015;0.000000;0.007914;0.999956;-0.005072;0.798628;0.999796;-0.008006;-0.018539;2.126571;-0.018579;-0.004925;-0.999815;0.431646;0.007917;0.999956;-0.005053;0.798938;0.999795;-0.008010;-0.018596;2.127348;-0.018635;-0.004905;-0.999814;0.431628;0.011228;0.004694;0.000000;-0.015117;-0.005972;-0.000000;0.000000;0.000000;0.000000;0.000000;0.000000;0.000000;
39;2.37513;0.000000;0.007965;0.999955;-0.005082;0.798918;0.999795;-0.008058;-0.018575;2.127267;-0.018615;-0.004933;-0.999815;0.431632;0.007917;0.999956;-0.005053;0.799221;0.999795;-0.008010;-0.018596;2.128005;-0.018635;-0.004905;-0.999814;0.431614;0.010990;0.004630;0.000000;-0.003965;-0.001071;-0.000000;0.000000;0.000000;0.000000;0.000000;0.000000;0.000000;
40;2.428;0.000000;0.007957;0.999955;-0.005081;0.799193;0.999794;-0.008050;-0.018610;2.127912;-0.018650;-0.004932;-0.999814;0.431615;0.007917;0.999956;-0.005053;0.799500;0.999795;-0.008010;-0.018596;2.128651;-0.018635;-0.004905;-0.999814;0.431601;0.010812;0.004562;0.000000;-0.002966;-0.001127;-0.000000;0.000000;0.000000;0.000000;0.000000;0.000000;0.000000;
41;2.50076;0.000000;0.007982;0.999955;-0.005069;0.799471;0.999794;-0.008075;-0.018603;2.128557;-0.018644;-0.004919;-0.999814;0.431606;0.007917;0.999956;-0.005053;0.799773;0.999795;-0.008010;-0.018596;2.129282;-0.018635;-0.004905;-0.999814;0.431588;0.010557;0.004466;0.000000;-0.004259;-0.001607;-0.000000;0.000000;0.000000;0.000000;0.000000;0.000000;0.000000;
42;2.55196;0.000000;0.007972;0.999955;-0.005069;0.799746;0.999794;-0.008065;-0.018617;2.129184;-0.018657;-0.004919;-0.999814;0.431589;0.007917;0.999956;-0.005053;0.800043;0.999795;-0.008010;-0.018596;2.129902;-0.018635;-0.004905;-0.999814;0.431575;0.010371;0.004415;0.000000;-0.003099;-0.000844;-0.000000;0.000000;0.000000;0.000000;0.000000;0.000000;0.000000;
43;2.61185;0.000000;0.007899;0.999956;-0.005056;0.800011;0.999794;-0.007992;-0.018631;2.129829;-0.018671;-0.004908;-0.999814;0.431580;0.007917;0.999956;-0.005053;0.800312;0.999795;-0.008010;-0.018596;2.130522;-0.018635;-0.004905;-0.999814;0.431562;0.010371;0.004415;0.000000;0.000000;-0.000000;0.000000;0.000000;0.000000;0.000000;0.000000;0.000000;0.000000;
44;2.68726;0.000000;0.007887;0.999956;-0.005044;0.800276;0.999795;-0.007979;-0.018624;2.130431;-0.018663;-0.004897;-0.999814;0.431571;0.007917;0.999956;-0.005053;0.800563;0.999795;-0.008010;-0.018596;2.131101;-0.018635;-0.004905;-0.999814;0.431550;0.009673;0.004096;0.000000;-0.011629;-0.005319;-0.000000;0.000000;0.000000;0.000000;0.000000;0.000000;0.000000;
45;2.74138;0.000000;0.007906;0.999956;-0.005045;0.800538;0.999794;-0.007998;-0.018637;2.131025;-0.018677;-0.004897;-0.999814;0.431554;0.007917;0.999956;-0.005053;0.800809;0.999795;-0.008010;-0.018596;2.131668;-0.018635;-0.004905;-0.999814;0.431538;0.009484;0.004037;0.000000;-0.003155;-0.000983;-0.000000;0.000000;0.000000;0.000000;0.000000;0.000000;0.000000;
46;2.79989;0.000000;0.007933;0.999956;-0.005046;0.800800;0.999794;-0.008025;-0.018650;2.131593;-0.018689;-0.004897;-0.999813;0.431542;0.007917;0.999956;-0.005053;0.801049;0.999795;-0.008010;-0.018596;2.132223;-0.018635;-0.004905;-0.999814;0.431526;0.009282;0.003924;0.000000;-0.003362;-0.001883;-0.000000;0.000000;0.000000;0.000000;0.000000;0.000000;0.000000;
47;2.85994;0.000000;0.007998;0.999955;-0.005048;0.801017;0.999793;-0.008091;-0.018661;2.132115;-0.018701;-0.004897;-0.999813;0.431526;0.007917;0.999956;-0.005053;0.801289;0.999795;-0.008010;-0.018596;2.132778;-0.018635;-0.004905;-0.999814;0.431515;0.009282;0.003924;0.000000;-0.000000;-0.000000;-0.000000;0.000000;0.000000;0.000000;0.000000;0.000000;0.000000;
48;2.92085;0.000000;0.007938;0.999956;-0.005049;0.801254;0.999794;-0.008031;-0.018653;2.132674;-0.018693;-0.004900;-0.999813;0.431515;0.007917;0.999956;-0.005053;0.801509;0.999795;-0.008010;-0.018596;2.133280;-0.018635;-0.004905;-0.999814;0.431504;0.008409;0.003593;0.000000;-0.014560;-0.005522;-0.000000;0.000000;0.000000;0.000000;0.000000;0.000000;0.000000;
49;2.97993;0.000000;0.007856;0.999956;-0.005051;0.801494;0.999795;-0.007949;-0.018646;2.133242;-0.018685;-0.004903;-0.999813;0.431504;0.007917;0.999956;-0.005053;0.801726;0.999795;-0.008010;-0.018596;2.133776;-0.018635;-0.004905;-0.999814;0.431494;0.008294;0.003564;0.000000;-0.001905;-0.000478;-0.000000;0.000000;0.000000;0.000000;0.000000;0.000000;0.000000;
50;3.0399;0.000000;0.007862;0.999956;-0.005043;0.801695;0.999795;-0.007955;-0.018615;2.133713;-0.018654;-0.004896;-0.999814;0.431496;0.007917;0.999956;-0.005053;0.801941;0.999795;-0.008010;-0.018596;2.134262;-0.018635;-0.004905;-0.999814;0.431484;0.008120;0.003519;0.000000;-0.002902;-0.000747;-0.000000;0.000000;0.000000;0.000000;0.000000;0.000000;0.000000;
51;3.11181;0.000000;0.008019;0.999955;-0.005047;0.801897;0.999794;-0.008111;-0.018584;2.134166;-0.018624;-0.004897;-0.999815;0.431486;0.007917;0.999956;-0.005053;0.802153;0.999795;-0.008010;-0.018596;2.134741;-0.018635;-0.004905;-0.999814;0.431474;0.008014;0.003467;0.000000;-0.001768;-0.000875;-0.000000;0.000000;0.000000;0.000000;0.000000;0.000000;0.000000;
52;3.17191;0.000000;0.007931;0.999956;-0.005050;0.802142;0.999795;-0.008023;-0.018575;2.134674;-0.018615;-0.004902;-0.999815;0.431474;0.007917;0.999956;-0.005053;0.802352;0.999795;-0.008010;-0.018596;2.135184;-0.018635;-0.004905;-0.999814;0.431465;0.007413;0.003258;0.000000;-0.010017;-0.003476;-0.000000;0.000000;0.000000;0.000000;0.000000;0.000000;0.000000;
53;3.23181;0.000000;0.007916;0.999956;-0.005054;0.802322;0.999796;-0.008008;-0.018565;2.135153;-0.018605;-0.004906;-0.999815;0.431465;0.007917;0.999956;-0.005053;0.802547;0.999795;-0.008010;-0.018596;2.135618;-0.018635;-0.004905;-0.999814;0.431456;0.007270;0.003194;0.000000;-0.002385;-0.001068;-0.000000;0.000000;0.000000;0.000000;0.000000;0.000000;0.000000;
54;3.29192;0.000000;0.007916;0.999956;-0.005058;0.802503;0.999796;-0.008009;-0.018554;2.135572;-0.018594;-0.004911;-0.999815;0.431455;0.007917;0.999956;-0.005053;0.802735;0.999795;-0.008010;-0.018596;2.136036;-0.018635;-0.004905;-0.999814;0.431447;0.006984;0.003074;0.000000;-0.004758;-0.002005;-0.000000;0.000000;0.000000;0.000000;0.000000;0.000000;0.000000;
55;3.35587;0.000000;0.007903;0.999956;-0.005052;0.802677;0.999796;-0.007996;-0.018522;2.135963;-0.018561;-0.004905;-0.999816;0.431448;0.007917;0.999956;-0.005053;0.802921;0.999795;-0.008010;-0.018596;2.136445;-0.018635;-0.004905;-0.999814;0.431438;0.006842;0.003043;0.000000;-0.002370;-0.000502;-0.000000;0.000000;0.000000;0.000000;0.000000;0.000000;0.000000;
56;3.44229;0.000000;0.007916;0.999956;-0.005056;0.802874;0.999796;-0.008009;-0.018532;2.136400;-0.018571;-0.004908;-0.999815;0.431432;0.007917;0.999956;-0.005053;0.803103;0.999795;-0.008010;-0.018596;2.136842;-0.018635;-0.004905;-0.999814;0.431430;0.006647;0.002980;0.000000;-0.003257;-0.001064;-0.000000;0.000000;0.000000;0.000000;0.000000;0.000000;0.000000;
57;3.51339;0.000000;0.008009;0.999955;-0.005061;0.803094;0.999795;-0.008101;-0.018540;2.136768;-0.018580;-0.004911;-0.999815;0.431420;0.007917;0.999956;-0.005053;0.803277;0.999795;-0.008010;-0.018596;2.137223;-0.018635;-0.004905;-0.999814;0.431422;0.006375;0.002851;0.000000;-0.004533;-0.002150;-0.000000;0.000000;0.000000;0.000000;0.000000;0.000000;0.000000;
58;3.56583;0.000000;0.007921;0.999956;-0.005053;0.803275;0.999796;-0.008014;-0.018528;2.137178;-0.018568;-0.004906;-0.999816;0.431413;0.007917;0.999956;-0.005053;0.803451;0.999795;-0.008010;-0.018596;2.137604;-0.018635;-0.004905;-0.999814;0.431414;0.006375;0.002851;0.000000;0.000000;-0.000000;-0.000000;0.000000;0.000000;0.000000;0.000000;0.000000;0.000000;
59;3.62578;0.000000;0.007925;0.999956;-0.005058;0.803429;0.999796;-0.008018;-0.018557;2.137526;-0.018596;-0.004910;-0.999815;0.431404;0.007917;0.999956;-0.005053;0.803625;0.999795;-0.008010;-0.018596;2.137985;-0.018635;-0.004905;-0.999814;0.431406;0.006375;0.002851;0.000000;-0.000000;0.000000;0.000000;0.000000;0.000000;0.000000;0.000000;0.000000;0.000000;
60;3.6859;0.000000;0.007955;0.999956;-0.005050;0.803618;0.999795;-0.008048;-0.018565;2.137919;-0.018605;-0.004902;-0.999815;0.431396;0.007917;0.999956;-0.005053;0.803791;0.999795;-0.008010;-0.018596;2.138350;-0.018635;-0.004905;-0.999814;0.431399;0.006104;0.002720;0.000000;-0.004516;-0.002171;-0.000000;0.000000;0.000000;0.000000;0.000000;0.000000;0.000000;
61;3.74584;0.000000;0.007952;0.999956;-0.005055;0.803791;0.999795;-0.008044;-0.018574;2.138303;-0.018614;-0.004906;-0.999815;0.431386;0.007917;0.999956;-0.005053;0.803957;0.999795;-0.008010;-0.018596;2.138715;-0.018635;-0.004905;-0.999814;0.431391;0.006104;0.002720;0.000000;0.000000;-0.000000;-0.000000;0.000000;0.000000;0.000000;0.000000;0.000000;0.000000;
62;3.8058;0.000000;0.007927;0.999956;-0.005048;0.803948;0.999795;-0.008019;-0.018582;2.138687;-0.018622;-0.004899;-0.999815;0.431379;0.007917;0.999956;-0.005053;0.804122;0.999795;-0.008010;-0.018596;2.139072;-0.018635;-0.004905;-0.999814;0.431384;0.005972;0.002700;0.000000;-0.002193;-0.000340;-0.000000;0.000000;0.000000;0.000000;0.000000;0.000000;0.000000;
63;3.86587;0.000000;0.007877;0.999956;-0.005052;0.804105;0.999795;-0.007970;-0.018611;2.139044;-0.018650;-0.004904;-0.999814;0.431370;0.007917;0.999956;-0.005053;0.804273;0.999795;-0.008010;-0.018596;2.139401;-0.018635;-0.004905;-0.999814;0.431377;0.005505;0.002482;0.000000;-0.007793;-0.003635;-0.000000;0.000000;0.000000;0.000000;0.000000;0.000000;0.000000;
64;3.9261;0.000000;0.007898;0.999956;-0.005046;0.804243;0.999795;-0.007990;-0.018617;2.139348;-0.018657;-0.004898;-0.999814;0.431363;0.007917;0.999956;-0.005053;0.804421;0.999795;-0.008010;-0.018596;2.139724;-0.018635;-0.004905;-0.999814;0.431370;0.005407;0.002423;0.000000;-0.001628;-0.000987;-0.000000;0.000000;0.000000;0.000000;0.000000;0.000000;0.000000;
65;3.9858;0.000000;0.007984;0.999955;-0.005052;0.804394;0.999794;-0.008077;-0.018624;2.139653;-0.018664;-0.004903;-0.999814;0.431354;0.007917;0.999956;-0.005053;0.804569;0.999795;-0.008010;-0.018596;2.140047;-0.018635;-0.004905;-0.999814;0.431363;0.005407;0.002423;0.000000;-0.000000;0.000000;0.000000;0.000000;0.000000;0.000000;0.000000;0.000000;0.000000;
66;4.04606;0.000000;0.007954;0.999956;-0.005057;0.804568;0.999794;-0.008047;-0.018652;2.139994;-0.018692;-0.004908;-0.999813;0.431344;0.007917;0.999956;-0.005053;0.804717;0.999795;-0.008010;-0.018596;2.140370;-0.018635;-0.004905;-0.999814;0.431356;0.005407;0.002423;0.000000;0.000000;0.000000;0.000000;0.000000;0.000000;0.000000;0.000000;0.000000;0.000000;
67;4.1059;0.000000;0.007903;0.999956;-0.005051;0.804717;0.999794;-0.007996;-0.018639;2.140343;-0.018679;-0.004903;-0.999814;0.431337;0.007917;0.999956;-0.005053;0.804854;0.999795;-0.008010;-0.018596;2.140664;-0.018635;-0.004905;-0.999814;0.431350;0.004908;0.002241;0.000000;-0.008311;-0.003020;-0.000000;0.000000;0.000000;0.000000;0.000000;0.000000;0.000000;
68;4.166;0.000000;0.007901;0.999956;-0.005057;0.804838;0.999794;-0.007994;-0.018666;2.140638;-0.018706;-0.004908;-0.999813;0.431329;0.007917;0.999956;-0.005053;0.804991;0.999795;-0.008010;-0.018596;2.140957;-0.018635;-0.004905;-0.999814;0.431344;0.004908;0.002241;0.000000;0.000000;0.000000;0.000000;0.000000;0.000000;0.000000;0.000000;0.000000;0.000000;
69;4.22602;0.000000;0.007910;0.999956;-0.005052;0.804964;0.999794;-0.008003;-0.018652;2.140924;-0.018692;-0.004903;-0.999813;0.431323;0.007917;0.999956;-0.005053;0.805118;0.999795;-0.008010;-0.018596;2.141230;-0.018635;-0.004905;-0.999814;0.431338;0.004570;0.002090;0.000000;-0.005636;-0.002527;-0.000000;0.000000;0.000000;0.000000;0.000000;0.000000;0.000000;
70;4.28717;0.000000;0.007936;0.999956;-0.005059;0.805091;0.999794;-0.008030;-0.018658;2.141185;-0.018698;-0.004910;-0.999813;0.431315;0.007917;0.999956;-0.005053;0.805241;0.999795;-0.008010;-0.018596;2.141495;-0.018635;-0.004905;-0.999814;0.431333;0.004430;0.002016;0.000000;-0.002338;-0.001228;-0.000000;0.000000;0.000000;0.000000;0.000000;0.000000;0.000000;
71;4.34589;0.000000;0.007931;0.999956;-0.005055;0.805235;0.999794;-0.008024;-0.018643;2.141445;-0.018683;-0.004906;-0.999813;0.431308;0.007917;0.999956;-0.005053;0.805361;0.999795;-0.008010;-0.018596;2.141749;-0.018635;-0.004905;-0.999814;0.431327;0.004247;0.001960;0.000000;-0.003041;-0.000934;-0.000000;0.000000;0.000000;0.000000;0.000000;0.000000;0.000000;
72;4.40581;0.000000;0.007925;0.999956;-0.005062;0.805353;0.999794;-0.008019;-0.018649;2.141706;-0.018689;-0.004913;-0.999813;0.431300;0.007917;0.999956;-0.005053;0.805479;0.999795;-0.008010;-0.018596;2.141998;-0.018635;-0.004905;-0.999814;0.431322;0.004163;0.001931;0.000000;-0.001415;-0.000483;-0.000000;0.000000;0.000000;0.000000;0.000000;0.000000;0.000000;
73;4.46575;0.000000;0.007898;0.999956;-0.005057;0.805443;0.999794;-0.007991;-0.018634;2.141965;-0.018674;-0.004909;-0.999814;0.431296;0.007917;0.999956;-0.005053;0.805594;0.999795;-0.008010;-0.018596;2.142243;-0.018635;-0.004905;-0.999814;0.431317;0.004096;0.001888;0.000000;-0.001107;-0.000718;-0.000000;0.000000;0.000000;0.000000;0.000000;0.000000;0.000000;
74;4.5259;0.000000;0.007871;0.999956;-0.005053;0.805573;0.999795;-0.007964;-0.018620;2.142225;-0.018659;-0.004906;-0.999814;0.431289;0.007917;0.999956;-0.005053;0.805706;0.999795;-0.008010;-0.018596;2.142479;-0.018635;-0.004905;-0.999814;0.431312;0.003948;0.001833;0.000000;-0.002467;-0.000920;-0.000000;0.000000;0.000000;0.000000;0.000000;0.000000;0.000000;
75;4.58596;0.000000;0.007907;0.999956;-0.005049;0.805701;0.999795;-0.008000;-0.018604;2.142468;-0.018644;-0.004901;-0.999814;0.431283;0.007917;0.999956;-0.005053;0.805815;0.999795;-0.008010;-0.018596;2.142707;-0.018635;-0.004905;-0.999814;0.431307;0.003826;0.001791;0.000000;-0.002030;-0.000699;-0.000000;0.000000;0.000000;0.000000;0.000000;0.000000;0.000000;
76;4.64586;0.000000;0.007952;0.999956;-0.005057;0.805824;0.999794;-0.008045;-0.018610;2.142694;-0.018649;-0.004908;-0.999814;0.431275;0.007917;0.999956;-0.005053;0.805921;0.999795;-0.008010;-0.018596;2.142925;-0.018635;-0.004905;-0.999814;0.431303;0.003652;0.001738;0.000000;-0.002902;-0.000877;-0.000000;0.000000;0.000000;0.000000;0.000000;0.000000;0.000000;
77;4.70592;0.000000;0.007962;0.999956;-0.005054;0.805920;0.999795;-0.008055;-0.018593;2.142891;-0.018633;-0.004905;-0.999814;0.431270;0.007917;0.999956;-0.005053;0.806024;0.999795;-0.008010;-0.018596;2.143138;-0.018635;-0.004905;-0.999814;0.431298;0.003556;0.001685;0.000000;-0.001597;-0.000888;-0.000000;0.000000;0.000000;0.000000;0.000000;0.000000;0.000000;
78;4.76946;0.000000;0.007961;0.999956;-0.005051;0.806024;0.999795;-0.008054;-0.018577;2.143090;-0.018617;-0.004902;-0.999815;0.431265;0.007917;0.999956;-0.005053;0.806127;0.999795;-0.008010;-0.018596;2.143351;-0.018635;-0.004905;-0.999814;0.431294;0.003556;0.001685;0.000000;0.000000;-0.000000;0.000000;0.000000;0.000000;0.000000;0.000000;0.000000;0.000000;
79;4.82597;0.000000;0.007961;0.999956;-0.005059;0.806095;0.999795;-0.008053;-0.018582;2.143295;-0.018622;-0.004910;-0.999815;0.431259;0.007917;0.999956;-0.005053;0.806224;0.999795;-0.008010;-0.018596;2.143555;-0.018635;-0.004905;-0.999814;0.431290;0.003424;0.001599;0.000000;-0.002212;-0.001425;-0.000000;0.000000;0.000000;0.000000;0.000000;0.000000;0.000000;
80;4.8858;0.000000;0.007929;0.999956;-0.005055;0.806210;0.999795;-0.008021;-0.018587;2.143512;-0.018626;-0.004907;-0.999814;0.431253;0.007917;0.999956;-0.005053;0.806322;0.999795;-0.008010;-0.018596;2.143760;-0.018635;-0.004905;-0.999814;0.431285;0.003424;0.001599;0.000000;-0.000000;0.000000;0.000000;0.000000;0.000000;0.000000;0.000000;0.000000;0.000000;
81;4.94576;0.000000;0.007918;0.999956;-0.005052;0.806326;0.999795;-0.008010;-0.018571;2.143719;-0.018610;-0.004904;-0.999815;0.431247;0.007917;0.999956;-0.005053;0.806413;0.999795;-0.008010;-0.018596;2.143951;-0.018635;-0.004905;-0.999814;0.431281;0.003199;0.001491;0.000000;-0.003747;-0.001805;-0.000000;0.000000;0.000000;0.000000;0.000000;0.000000;0.000000;
82;5.00586;0.000000;0.007909;0.999956;-0.005059;0.806391;0.999795;-0.008002;-0.018597;2.143951;-0.018636;-0.004910;-0.999814;0.431241;0.007917;0.999956;-0.005053;0.806503;0.999795;-0.008010;-0.018596;2.144138;-0.018635;-0.004905;-0.999814;0.431277;0.003135;0.001472;0.000000;-0.001064;-0.000311;-0.000000;0.000000;0.000000;0.000000;0.000000;0.000000;0.000000;
83;5.07376;0.000000;0.007960;0.999956;-0.005055;0.806484;0.999795;-0.008053;-0.018600;2.144132;-0.018640;-0.004906;-0.999814;0.431237;0.007917;0.999956;-0.005053;0.806588;0.999795;-0.008010;-0.018596;2.144321;-0.018635;-0.004905;-0.999814;0.431273;0.003054;0.001404;0.000000;-0.001348;-0.001148;-0.000000;0.000000;0.000000;0.000000;0.000000;0.000000;0.000000;
84;5.13391;0.000000;0.007914;0.999956;-0.005052;0.806559;0.999795;-0.008007;-0.018584;2.144311;-0.018623;-0.004904;-0.999815;0.431233;0.007917;0.999956;-0.005053;0.806674;0.999795;-0.008010;-0.018596;2.144503;-0.018635;-0.004905;-0.999814;0.431270;0.003054;0.001404;0.000000;0.000000;-0.000000;0.000000;0.000000;0.000000;0.000000;0.000000;0.000000;0.000000;
85;5.19394;0.000000;0.007910;0.999956;-0.005060;0.806639;0.999795;-0.008003;-0.018608;2.144482;-0.018648;-0.004912;-0.999814;0.431232;0.007917;0.999956;-0.005053;0.806756;0.999795;-0.008010;-0.018596;2.144676;-0.018635;-0.004905;-0.999814;0.431266;0.002894;0.001345;0.000000;-0.002667;-0.000976;-0.000000;0.000000;0.000000;0.000000;0.000000;0.000000;0.000000;
86;5.25384;0.000000;0.007885;0.999956;-0.005058;0.806727;0.999795;-0.007978;-0.018592;2.144663;-0.018631;-0.004910;-0.999814;0.431228;0.007917;0.999956;-0.005053;0.806838;0.999795;-0.008010;-0.018596;2.144847;-0.018635;-0.004905;-0.999814;0.431262;0.002852;0.001346;0.000000;-0.000697;0.000014;-0.000000;0.000000;0.000000;0.000000;0.000000;0.000000;0.000000;
87;5.31373;0.000000;0.007912;0.999956;-0.005055;0.806824;0.999795;-0.008005;-0.018595;2.144817;-0.018635;-0.004907;-0.999814;0.431223;0.007917;0.999956;-0.005053;0.806920;0.999795;-0.008010;-0.018596;2.145017;-0.018635;-0.004905;-0.999814;0.431259;0.002852;0.001346;0.000000;-0.000000;0.000000;0.000000;0.000000;0.000000;0.000000;0.000000;0.000000;0.000000;
88;5.37384;0.000000;0.007895;0.999956;-0.005053;0.806930;0.999796;-0.007988;-0.018578;2.144971;-0.018617;-0.004905;-0.999815;0.431218;0.007917;0.999956;-0.005053;0.806997;0.999795;-0.008010;-0.018596;2.145175;-0.018635;-0.004905;-0.999814;0.431255;0.002632;0.001258;0.000000;-0.003670;-0.001462;-0.000000;0.000000;0.000000;0.000000;0.000000;0.000000;0.000000;
89;5.43379;0.000000;0.007934;0.999956;-0.005050;0.807006;0.999795;-0.008026;-0.018581;2.145134;-0.018621;-0.004901;-0.999815;0.431214;0.007917;0.999956;-0.005053;0.807074;0.999795;-0.008010;-0.018596;2.145332;-0.018635;-0.004905;-0.999814;0.431252;0.002632;0.001258;0.000000;0.000000;0.000000;-0.000000;0.000000;0.000000;0.000000;0.000000;0.000000;0.000000;
90;5.49387;0.000000;0.007929;0.999956;-0.005058;0.807065;0.999795;-0.008021;-0.018606;2.145295;-0.018646;-0.004909;-0.999814;0.431208;0.007917;0.999956;-0.005053;0.807143;0.999795;-0.008010;-0.018596;2.145478;-0.018635;-0.004905;-0.999814;0.431249;0.002454;0.001140;0.000000;-0.002970;-0.001964;-0.000000;0.000000;0.000000;0.000000;0.000000;0.000000;0.000000;
91;5.55373;0.000000;0.007923;0.999956;-0.005056;0.807125;0.999795;-0.008015;-0.018589;2.145448;-0.018628;-0.004907;-0.999814;0.431205;0.007917;0.999956;-0.005053;0.807213;0.999795;-0.008010;-0.018596;2.145626;-0.018635;-0.004905;-0.999814;0.431246;0.002461;0.001140;0.000000;0.000116;0.000001;0.000000;0.000000;0.000000;0.000000;0.000000;0.000000;0.000000;
92;5.61379;0.000000;0.007949;0.999956;-0.005053;0.807194;0.999795;-0.008041;-0.018592;2.145592;-0.018631;-0.004904;-0.999814;0.431201;0.007917;0.999956;-0.005053;0.807283;0.999795;-0.008010;-0.018596;2.145773;-0.018635;-0.004905;-0.999814;0.431243;0.002461;0.001140;0.000000;0.000000;0.000000;0.000000;0.000000;0.000000;0.000000;0.000000;0.000000;0.000000;
93;5.6739;0.000000;0.007890;0.999956;-0.005049;0.807273;0.999795;-0.007983;-0.018595;2.145763;-0.018635;-0.004902;-0.999814;0.431197;0.007917;0.999956;-0.005053;0.807349;0.999795;-0.008010;-0.018596;2.145908;-0.018635;-0.004905;-0.999814;0.431240;0.002273;0.001093;0.000000;-0.003132;-0.000782;-0.000000;0.000000;0.000000;0.000000;0.000000;0.000000;0.000000;
94;5.73391;0.000000;0.007864;0.999956;-0.005046;0.807329;0.999795;-0.007956;-0.018599;2.145925;-0.018638;-0.004899;-0.999814;0.431200;0.007917;0.999956;-0.005053;0.807414;0.999795;-0.008010;-0.018596;2.146040;-0.018635;-0.004905;-0.999814;0.431237;0.002203;0.001057;0.000000;-0.001166;-0.000613;-0.000000;0.000000;0.000000;0.000000;0.000000;0.000000;0.000000;
95;5.79597;0.000000;0.007897;0.999956;-0.005045;0.807386;0.999795;-0.007989;-0.018581;2.146033;-0.018620;-0.004897;-0.999815;0.431197;0.007917;0.999956;-0.005053;0.807478;0.999795;-0.008010;-0.018596;2.146172;-0.018635;-0.004905;-0.999814;0.431235;0.002203;0.001057;0.000000;0.000000;-0.000000;0.000000;0.000000;0.000000;0.000000;0.000000;0.000000;0.000000;
96;5.85598;0.000000;0.007919;0.999956;-0.005054;0.807456;0.999795;-0.008012;-0.018604;2.146151;-0.018644;-0.004906;-0.999814;0.431191;0.007917;0.999956;-0.005053;0.807540;0.999795;-0.008010;-0.018596;2.146294;-0.018635;-0.004905;-0.999814;0.431232;0.002040;0.001022;0.000000;-0.002717;-0.000584;-0.000000;0.000000;0.000000;0.000000;0.000000;0.000000;0.000000;
97;5.91581;0.000000;0.007943;0.999956;-0.005052;0.807554;0.999795;-0.008036;-0.018607;2.146279;-0.018647;-0.004903;-0.999814;0.431186;0.007917;0.999956;-0.005053;0.807600;0.999795;-0.008010;-0.018596;2.146412;-0.018635;-0.004905;-0.999814;0.431229;0.001980;0.000978;0.000000;-0.000994;-0.000734;-0.000000;0.000000;0.000000;0.000000;0.000000;0.000000;0.000000;
98;5.9759;0.000000;0.007923;0.999956;-0.005050;0.807619;0.999795;-0.008016;-0.018589;2.146397;-0.018629;-0.004902;-0.999814;0.431182;0.007917;0.999956;-0.005053;0.807658;0.999795;-0.008010;-0.018596;2.146524;-0.018635;-0.004905;-0.999814;0.431227;0.001883;0.000947;0.000000;-0.001619;-0.000517;-0.000000;0.000000;0.000000;0.000000;0.000000;0.000000;0.000000;
99;6.0359;0.000000;0.007903;0.999956;-0.005048;0.807664;0.999795;-0.007995;-0.018591;2.146514;-0.018631;-0.004900;-0.999814;0.431186;0.007917;0.999956;-0.005053;0.807714;0.999795;-0.008010;-0.018596;2.146638;-0.018635;-0.004905;-0.999814;0.431225;0.001902;0.000920;0.000000;0.000321;-0.000441;0.000000;0.000000;0.000000;0.000000;0.000000;0.000000;0.000000;
100;6.10135;0.000000;0.007925;0.999956;-0.005046;0.807705;0.999795;-0.008017;-0.018594;2.146622;-0.018633;-0.004898;-0.999814;0.431183;0.007917;0.999956;-0.005053;0.807770;0.999795;-0.008010;-0.018596;2.146749;-0.018635;-0.004905;-0.999814;0.431222;0.001861;0.000929;0.000000;-0.000689;0.000142;-0.000000;0.000000;0.000000;0.000000;0.000000;0.000000;0.000000;
101;6.16587;0.000000;0.007913;0.999956;-0.005055;0.807759;0.999795;-0.008006;-0.018617;2.146721;-0.018656;-0.004907;-0.999814;0.431178;0.007917;0.999956;-0.005053;0.807825;0.999795;-0.008010;-0.018596;2.146860;-0.018635;-0.004905;-0.999814;0.431220;0.001854;0.000890;0.000000;-0.000121;-0.000648;0.000000;0.000000;0.000000;0.000000;0.000000;0.000000;0.000000;
102;6.22589;0.000000;0.007912;0.999956;-0.005053;0.807821;0.999795;-0.008005;-0.018619;2.146821;-0.018658;-0.004905;-0.999814;0.431175;0.007917;0.999956;-0.005053;0.807878;0.999795;-0.008010;-0.018596;2.146961;-0.018635;-0.004905;-0.999814;0.431218;0.001695;0.000872;0.000000;-0.002653;-0.000303;-0.000000;0.000000;0.000000;0.000000;0.000000;0.000000;0.000000;
103;6.2859;0.000000;0.007913;0.999956;-0.005051;0.807870;0.999795;-0.008005;-0.018621;2.146929;-0.018661;-0.004903;-0.999814;0.431172;0.007917;0.999956;-0.005053;0.807930;0.999795;-0.008010;-0.018596;2.147061;-0.018635;-0.004905;-0.999814;0.431216;0.001676;0.000856;0.000000;-0.000311;-0.000261;-0.000000;0.000000;0.000000;0.000000;0.000000;0.000000;0.000000;
104;6.34878;0.000000;0.007924;0.999956;-0.005050;0.807911;0.999795;-0.008017;-0.018603;2.147037;-0.018643;-0.004902;-0.999814;0.431176;0.007917;0.999956;-0.005053;0.807981;0.999795;-0.008010;-0.018596;2.147160;-0.018635;-0.004905;-0.999814;0.431214;0.001643;0.000842;0.000000;-0.000550;-0.000227;-0.000000;0.000000;0.000000;0.000000;0.000000;0.000000;0.000000;
105;6.41336;0.000000;0.007903;0.999956;-0.005048;0.807960;0.999795;-0.007995;-0.018605;2.147146;-0.018645;-0.004900;-0.999814;0.431173;0.007917;0.999956;-0.005053;0.808032;0.999795;-0.008010;-0.018596;2.147256;-0.018635;-0.004905;-0.999814;0.431212;0.001610;0.000834;0.000000;-0.000550;-0.000145;-0.000000;0.000000;0.000000;0.000000;0.000000;0.000000;0.000000;
106;6.46631;0.000000;0.007924;0.999956;-0.005046;0.808022;0.999795;-0.008016;-0.018607;2.147246;-0.018647;-0.004898;-0.999814;0.431176;0.007917;0.999956;-0.005053;0.808082;0.999795;-0.008010;-0.018596;2.147353;-0.018635;-0.004905;-0.999814;0.431209;0.001631;0.000827;0.000000;0.000348;-0.000111;0.000000;0.000000;0.000000;0.000000;0.000000;0.000000;0.000000;
107;6.52606;0.000000;0.007934;0.999956;-0.005055;0.808075;0.999794;-0.008027;-0.018631;2.147345;-0.018670;-0.004907;-0.999814;0.431170;0.007917;0.999956;-0.005053;0.808133;0.999795;-0.008010;-0.018596;2.147451;-0.018635;-0.004905;-0.999814;0.431207;0.001631;0.000827;0.000000;0.000000;0.000000;-0.000000;0.000000;0.000000;0.000000;0.000000;0.000000;0.000000;
108;6.58596;0.000000;0.007922;0.999956;-0.005054;0.808120;0.999795;-0.008015;-0.018612;2.147445;-0.018652;-0.004906;-0.999814;0.431174;0.007917;0.999956;-0.005053;0.808179;0.999795;-0.008010;-0.018596;2.147540;-0.018635;-0.004905;-0.999814;0.431206;0.001495;0.000753;0.000000;-0.002268;-0.001226;-0.000000;0.000000;0.000000;0.000000;0.000000;0.000000;0.000000;
