message_number;message_time_s;ellipse_factor;prev_real_position_0_0;prev_real_position_0_1;prev_real_position_0_2;prev_real_position_0_3;prev_real_position_1_0;prev_real_position_1_1;prev_real_position_1_2;prev_real_position_1_3;prev_real_position_2_0;prev_real_position_2_1;prev_real_position_2_2;prev_real_position_2_3;np_0_0;np_0_1;np_0_2;np_0_3;np_1_0;np_1_1;np_1_2;np_1_3;np_2_0;np_2_1;np_2_2;np_2_3;velocity_0;velocity_1;velocity_2;acceleration_0;acceleration_1;acceleration_2;angular_velocity_0;angular_velocity_1;angular_velocity_2;angular_acceleration_0;angular_acceleration_1;angular_acceleration_2;
0;0;0.000000;0.032146;0.999378;0.014516;0.783733;0.999483;-0.032133;-0.001133;2.078825;-0.000666;0.014545;-0.999894;0.187222;0.032146;0.999378;0.014516;0.783865;0.999483;-0.032133;-0.001133;2.079897;-0.000666;0.014545;-0.999894;0.187223;0.017926;0.001633;0.000000;0.298763;0.027220;0.000000;0.000000;0.000000;0.000000;0.000000;0.000000;0.000000;
1;0.0514948;0.000000;0.031939;0.999384;0.014516;0.783752;0.999490;-0.031925;-0.001133;2.079312;-0.000669;0.014545;-0.999894;0.187222;0.032146;0.999378;0.014516;0.784106;0.999483;-0.032133;-0.001133;2.081845;-0.000666;0.014545;-0.999894;0.187224;0.032575;0.002968;0.000000;0.244148;0.022244;0.000000;0.000000;0.000000;0.000000;0.000000;0.000000;0.000000;
2;0.111585;0.000000;0.031757;0.999390;0.014516;0.783805;0.999495;-0.031744;-0.001132;2.081039;-0.000671;0.014545;-0.999894;0.187221;0.032146;0.999378;0.014516;0.784346;0.999483;-0.032133;-0.001133;2.083791;-0.000666;0.014545;-0.999894;0.187226;0.032542;0.002955;0.000000;-0.000537;-0.000213;-0.000000;0.000000;0.000000;0.000000;0.000000;0.000000;0.000000;
3;0.187644;0.000000;0.031712;0.999392;0.014517;0.783933;0.999497;-0.031699;-0.001132;2.083207;-0.000671;0.014546;-0.999894;0.187221;0.032146;0.999378;0.014516;0.784587;0.999483;-0.032133;-0.001133;2.085703;-0.000666;0.014545;-0.999894;0.187227;0.031992;0.002997;0.000000;-0.009179;0.000698;-0.000000;0.000000;0.000000;0.000000;0.000000;0.000000;0.000000;
4;0.247612;0.000000;0.031585;0.999396;0.014518;0.784305;0.999501;-0.031572;-0.001110;2.085333;-0.000651;0.014546;-0.999894;0.187225;0.032146;0.999378;0.014516;0.784829;0.999483;-0.032133;-0.001133;2.087616;-0.000666;0.014545;-0.999894;0.187228;0.031992;0.002997;0.000000;-0.000000;0.000000;0.000000;0.000000;0.000000;0.000000;0.000000;0.000000;0.000000;
5;0.309551;0.000000;0.031786;0.999389;0.014519;0.784647;0.999494;-0.031773;-0.001110;2.087268;-0.000648;0.014547;-0.999894;0.187227;0.032146;0.999378;0.014516;0.785069;0.999483;-0.032133;-0.001133;2.089487;-0.000666;0.014545;-0.999894;0.187230;0.031300;0.002996;0.000000;-0.011523;-0.000023;-0.000000;0.000000;0.000000;0.000000;0.000000;0.000000;0.000000;
6;0.36951;0.000000;0.031831;0.999388;0.014519;0.784946;0.999493;-0.031818;-0.001109;2.089170;-0.000646;0.014547;-0.999894;0.187230;0.032146;0.999378;0.014516;0.785309;0.999483;-0.032133;-0.001133;2.091339;-0.000666;0.014545;-0.999894;0.187231;0.030978;0.003017;0.000000;-0.005380;0.000357;-0.000000;0.000000;0.000000;0.000000;0.000000;0.000000;0.000000;
7;0.429477;0.000000;0.031938;0.999384;0.014520;0.785221;0.999490;-0.031925;-0.001109;2.091048;-0.000644;0.014548;-0.999894;0.187231;0.032146;0.999378;0.014516;0.785550;0.999483;-0.032133;-0.001133;2.093191;-0.000666;0.014545;-0.999894;0.187232;0.030978;0.003017;0.000000;-0.000000;0.000000;0.000000;0.000000;0.000000;0.000000;0.000000;0.000000;0.000000;
8;0.500438;0.000000;0.031999;0.999382;0.014520;0.785479;0.999488;-0.031986;-0.001108;2.092902;-0.000643;0.014548;-0.999894;0.187233;0.032146;0.999378;0.014516;0.785764;0.999483;-0.032133;-0.001133;2.094842;-0.000666;0.014545;-0.999894;0.187234;0.027622;0.002688;0.000000;-0.055930;-0.005474;-0.000000;0.000000;0.000000;0.000000;0.000000;0.000000;0.000000;
9;0.575318;0.000000;0.032037;0.999381;0.014533;0.785693;0.999486;-0.032025;-0.001087;2.094652;-0.000621;0.014561;-0.999894;0.187236;0.032146;0.999378;0.014516;0.785973;0.999483;-0.032133;-0.001133;2.096429;-0.000666;0.014545;-0.999894;0.187235;0.026534;0.002626;0.000000;-0.018125;-0.001049;-0.000000;0.000000;0.000000;0.000000;0.000000;0.000000;0.000000;
10;0.62754;0.000000;0.032242;0.999374;0.014546;0.785925;0.999480;-0.032230;-0.001066;2.096145;-0.000597;0.014573;-0.999894;0.187240;0.032146;0.999378;0.014516;0.786182;0.999483;-0.032133;-0.001133;2.098015;-0.000666;0.014545;-0.999894;0.187236;0.026534;0.002626;0.000000;0.000000;0.000000;0.000000;0.000000;0.000000;0.000000;0.000000;0.000000;0.000000;
11;0.687571;0.000000;0.032139;0.999377;0.014559;0.786148;0.999483;-0.032127;-0.001066;2.097788;-0.000597;0.014585;-0.999893;0.187243;0.032146;0.999378;0.014516;0.786384;0.999483;-0.032133;-0.001133;2.099547;-0.000666;0.014545;-0.999894;0.187237;0.025630;0.002552;0.000000;-0.015064;-0.001233;-0.000000;0.000000;0.000000;0.000000;0.000000;0.000000;0.000000;
12;0.747517;0.000000;0.032187;0.999376;0.014571;0.786380;0.999482;-0.032175;-0.001045;2.099333;-0.000575;0.014597;-0.999893;0.187246;0.032146;0.999378;0.014516;0.786587;0.999483;-0.032133;-0.001133;2.101079;-0.000666;0.014545;-0.999894;0.187239;0.025630;0.002552;0.000000;-0.000000;0.000000;0.000000;0.000000;0.000000;0.000000;0.000000;0.000000;0.000000;
13;0.807519;0.000000;0.032169;0.999376;0.014584;0.786608;0.999482;-0.032157;-0.001024;2.100871;-0.000554;0.014609;-0.999893;0.187249;0.032146;0.999378;0.014516;0.786781;0.999483;-0.032133;-0.001133;2.102544;-0.000666;0.014545;-0.999894;0.187240;0.024504;0.002456;0.000000;-0.018777;-0.001587;-0.000000;0.000000;0.000000;0.000000;0.000000;0.000000;0.000000;
14;0.867544;0.000000;0.032180;0.999376;0.014584;0.786794;0.999482;-0.032168;-0.001023;2.102371;-0.000553;0.014610;-0.999893;0.187250;0.032146;0.999378;0.014516;0.786971;0.999483;-0.032133;-0.001133;2.103986;-0.000666;0.014545;-0.999894;0.187241;0.024121;0.002383;0.000000;-0.006377;-0.001225;-0.000000;0.000000;0.000000;0.000000;0.000000;0.000000;0.000000;
15;0.927523;0.000000;0.032174;0.999376;0.014597;0.786972;0.999482;-0.032163;-0.001002;2.103825;-0.000532;0.014622;-0.999893;0.187252;0.032146;0.999378;0.014516;0.787158;0.999483;-0.032133;-0.001133;2.105399;-0.000666;0.014545;-0.999894;0.187242;0.023636;0.002358;0.000000;-0.008088;-0.000419;-0.000000;0.000000;0.000000;0.000000;0.000000;0.000000;0.000000;
16;0.987611;0.000000;0.032176;0.999376;0.014597;0.787103;0.999482;-0.032165;-0.001002;2.105240;-0.000531;0.014622;-0.999893;0.187252;0.032146;0.999378;0.014516;0.787344;0.999483;-0.032133;-0.001133;2.106811;-0.000666;0.014545;-0.999894;0.187243;0.023636;0.002358;0.000000;0.000000;0.000000;0.000000;0.000000;0.000000;0.000000;0.000000;0.000000;0.000000;
17;1.04751;0.000000;0.032196;0.999375;0.014597;0.787301;0.999481;-0.032185;-0.001001;2.106630;-0.000530;0.014622;-0.999893;0.187253;0.032146;0.999378;0.014516;0.787523;0.999483;-0.032133;-0.001133;2.108122;-0.000666;0.014545;-0.999894;0.187244;0.021928;0.002268;0.000000;-0.028465;-0.001491;-0.000000;0.000000;0.000000;0.000000;0.000000;0.000000;0.000000;
18;1.10752;0.000000;0.032200;0.999375;0.014610;0.787534;0.999481;-0.032189;-0.000980;2.107974;-0.000509;0.014634;-0.999893;0.187255;0.032146;0.999378;0.014516;0.787696;0.999483;-0.032133;-0.001133;2.109386;-0.000666;0.014545;-0.999894;0.187245;0.021144;0.002215;0.000000;-0.013064;-0.000891;-0.000000;0.000000;0.000000;0.000000;0.000000;0.000000;0.000000;
19;1.16747;0.000000;0.032238;0.999373;0.014610;0.787729;0.999480;-0.032227;-0.000979;2.109219;-0.000508;0.014634;-0.999893;0.187256;0.032146;0.999378;0.014516;0.787867;0.999483;-0.032133;-0.001133;2.110623;-0.000666;0.014545;-0.999894;0.187246;0.020704;0.002181;0.000000;-0.007336;-0.000569;-0.000000;0.000000;0.000000;0.000000;0.000000;0.000000;0.000000;
20;1.22747;0.000000;0.032253;0.999373;0.014610;0.787905;0.999480;-0.032242;-0.000979;2.110465;-0.000507;0.014634;-0.999893;0.187256;0.032146;0.999378;0.014516;0.788038;0.999483;-0.032133;-0.001133;2.111861;-0.000666;0.014545;-0.999894;0.187247;0.020704;0.002181;0.000000;0.000000;0.000000;-0.000000;0.000000;0.000000;0.000000;0.000000;0.000000;0.000000;
21;1.28753;0.000000;0.032244;0.999373;0.014610;0.788060;0.999480;-0.032234;-0.000978;2.111685;-0.000507;0.014634;-0.999893;0.187255;0.032146;0.999378;0.014516;0.788199;0.999483;-0.032133;-0.001133;2.113032;-0.000666;0.014545;-0.999894;0.187248;0.019597;0.002064;0.000000;-0.018444;-0.001945;-0.000000;0.000000;0.000000;0.000000;0.000000;0.000000;0.000000;
22;1.34754;0.000000;0.032191;0.999375;0.014610;0.788233;0.999482;-0.032180;-0.000978;2.112897;-0.000507;0.014634;-0.999893;0.187255;0.032146;0.999378;0.014516;0.788355;0.999483;-0.032133;-0.001133;2.114160;-0.000666;0.014545;-0.999894;0.187249;0.018870;0.001996;0.000000;-0.012117;-0.001126;-0.000000;0.000000;0.000000;0.000000;0.000000;0.000000;0.000000;
23;1.40767;0.000000;0.032183;0.999375;0.014610;0.788380;0.999482;-0.032172;-0.000977;2.114024;-0.000507;0.014634;-0.999893;0.187255;0.032146;0.999378;0.014516;0.788512;0.999483;-0.032133;-0.001133;2.115266;-0.000666;0.014545;-0.999894;0.187250;0.018514;0.002023;0.000000;-0.005946;0.000442;-0.000000;0.000000;0.000000;0.000000;0.000000;0.000000;0.000000;
24;1.46753;0.000000;0.032215;0.999374;0.014610;0.788514;0.999481;-0.032205;-0.000956;2.115130;-0.000485;0.014633;-0.999893;0.187255;0.032146;0.999378;0.014516;0.788664;0.999483;-0.032133;-0.001133;2.116331;-0.000666;0.014545;-0.999894;0.187251;0.017826;0.001956;0.000000;-0.011452;-0.001113;-0.000000;0.000000;0.000000;0.000000;0.000000;0.000000;0.000000;
25;1.52758;0.000000;0.032203;0.999375;0.014610;0.788668;0.999481;-0.032193;-0.000956;2.116223;-0.000485;0.014634;-0.999893;0.187254;0.032146;0.999378;0.014516;0.788813;0.999483;-0.032133;-0.001133;2.117360;-0.000666;0.014545;-0.999894;0.187252;0.017217;0.001921;0.000000;-0.010163;-0.000591;-0.000000;0.000000;0.000000;0.000000;0.000000;0.000000;0.000000;
26;1.58751;0.000000;0.032185;0.999375;0.014610;0.788824;0.999482;-0.032175;-0.000955;2.117265;-0.000485;0.014634;-0.999893;0.187254;0.032146;0.999378;0.014516;0.788958;0.999483;-0.032133;-0.001133;2.118371;-0.000666;0.014545;-0.999894;0.187253;0.016926;0.001880;0.000000;-0.004838;-0.000676;-0.000000;0.000000;0.000000;0.000000;0.000000;0.000000;0.000000;
27;1.65003;0.000000;0.032186;0.999375;0.014611;0.788955;0.999482;-0.032175;-0.000955;2.118273;-0.000484;0.014634;-0.999893;0.187253;0.032146;0.999378;0.014516;0.789100;0.999483;-0.032133;-0.001133;2.119364;-0.000666;0.014545;-0.999894;0.187254;0.016608;0.001841;0.000000;-0.005305;-0.000645;-0.000000;0.000000;0.000000;0.000000;0.000000;0.000000;0.000000;
28;1.70955;0.000000;0.032206;0.999374;0.014611;0.789073;0.999481;-0.032196;-0.000954;2.119263;-0.000483;0.014634;-0.999893;0.187253;0.032146;0.999378;0.014516;0.789243;0.999483;-0.032133;-0.001133;2.120356;-0.000666;0.014545;-0.999894;0.187255;0.016608;0.001841;0.000000;0.000000;0.000000;0.000000;0.000000;0.000000;0.000000;0.000000;0.000000;0.000000;
29;1.78963;0.000000;0.032282;0.999372;0.014611;0.789241;0.999479;-0.032272;-0.000954;2.120169;-0.000482;0.014634;-0.999893;0.187258;0.032146;0.999378;0.014516;0.789378;0.999483;-0.032133;-0.001133;2.121279;-0.000666;0.014545;-0.999894;0.187256;0.015445;0.001758;0.000000;-0.019378;-0.001391;-0.000000;0.000000;0.000000;0.000000;0.000000;0.000000;0.000000;
30;1.8522;0.000000;0.032175;0.999375;0.014611;0.789414;0.999482;-0.032165;-0.000954;2.121187;-0.000483;0.014634;-0.999893;0.187258;0.032146;0.999378;0.014516;0.789513;0.999483;-0.032133;-0.001133;2.122202;-0.000666;0.014545;-0.999894;0.187257;0.015445;0.001758;0.000000;0.000000;-0.000000;0.000000;0.000000;0.000000;0.000000;0.000000;0.000000;0.000000;
31;1.9096;0.000000;0.032208;0.999374;0.014611;0.789538;0.999481;-0.032197;-0.000953;2.122093;-0.000482;0.014634;-0.999893;0.187257;0.032146;0.999378;0.014516;0.789643;0.999483;-0.032133;-0.001133;2.123081;-0.000666;0.014545;-0.999894;0.187258;0.014717;0.001694;0.000000;-0.012144;-0.001074;-0.000000;0.000000;0.000000;0.000000;0.000000;0.000000;0.000000;
32;1.96979;0.000000;0.032206;0.999374;0.014611;0.789666;0.999481;-0.032196;-0.000953;2.122982;-0.000482;0.014634;-0.999893;0.187256;0.032146;0.999378;0.014516;0.789770;0.999483;-0.032133;-0.001133;2.123943;-0.000666;0.014545;-0.999894;0.187259;0.014418;0.001653;0.000000;-0.004982;-0.000672;-0.000000;0.000000;0.000000;0.000000;0.000000;0.000000;0.000000;
33;2.0295;0.000000;0.032202;0.999375;0.014611;0.789785;0.999481;-0.032192;-0.000952;2.123853;-0.000481;0.014634;-0.999893;0.187256;0.032146;0.999378;0.014516;0.789894;0.999483;-0.032133;-0.001133;2.124773;-0.000666;0.014545;-0.999894;0.187260;0.013903;0.001620;0.000000;-0.008580;-0.000548;-0.000000;0.000000;0.000000;0.000000;0.000000;0.000000;0.000000;
34;2.08953;0.000000;0.032215;0.999374;0.014611;0.789884;0.999481;-0.032204;-0.000952;2.124673;-0.000481;0.014634;-0.999893;0.187255;0.032146;0.999378;0.014516;0.790018;0.999483;-0.032133;-0.001133;2.125604;-0.000666;0.014545;-0.999894;0.187261;0.013903;0.001620;0.000000;0.000000;-0.000000;0.000000;0.000000;0.000000;0.000000;0.000000;0.000000;0.000000;
35;2.14956;0.000000;0.032185;0.999375;0.014611;0.790006;0.999482;-0.032174;-0.000952;2.125503;-0.000481;0.014634;-0.999893;0.187254;0.032146;0.999378;0.014516;0.790142;0.999483;-0.032133;-0.001133;2.126434;-0.000666;0.014545;-0.999894;0.187261;0.013903;0.001620;0.000000;0.000000;0.000000;0.000000;0.000000;0.000000;0.000000;0.000000;0.000000;0.000000;
36;2.20959;0.000000;0.032187;0.999375;0.014611;0.790120;0.999482;-0.032177;-0.000951;2.126332;-0.000481;0.014634;-0.999893;0.187253;0.032146;0.999378;0.014516;0.790257;0.999483;-0.032133;-0.001133;2.127205;-0.000666;0.014545;-0.999894;0.187262;0.012893;0.001503;0.000000;-0.016825;-0.001959;-0.000000;0.000000;0.000000;0.000000;0.000000;0.000000;0.000000;
37;2.26953;0.000000;0.032198;0.999375;0.014611;0.790253;0.999481;-0.032188;-0.000951;2.127136;-0.000480;0.014634;-0.999893;0.187252;0.032146;0.999378;0.014516;0.790372;0.999483;-0.032133;-0.001133;2.127975;-0.000666;0.014545;-0.999894;0.187263;0.012893;0.001503;0.000000;-0.000000;0.000000;0.000000;0.000000;0.000000;0.000000;0.000000;0.000000;0.000000;
38;2.32953;0.000000;0.032246;0.999373;0.014611;0.790396;0.999480;-0.032235;-0.000951;2.127881;-0.000479;0.014634;-0.999893;0.187252;0.032146;0.999378;0.014516;0.790480;0.999483;-0.032133;-0.001133;2.128686;-0.000666;0.014545;-0.999894;0.187264;0.011895;0.001417;0.000000;-0.016641;-0.001429;-0.000000;0.000000;0.000000;0.000000;0.000000;0.000000;0.000000;
39;2.38953;0.000000;0.032215;0.999374;0.014611;0.790498;0.999481;-0.032205;-0.000950;2.128607;-0.000479;0.014634;-0.999893;0.187251;0.032146;0.999378;0.014516;0.790587;0.999483;-0.032133;-0.001133;2.129386;-0.000666;0.014545;-0.999894;0.187265;0.011719;0.001415;0.000000;-0.002938;-0.000035;-0.000000;0.000000;0.000000;0.000000;0.000000;0.000000;0.000000;
40;2.44954;0.000000;0.032216;0.999374;0.014611;0.790599;0.999481;-0.032205;-0.000950;2.129316;-0.000479;0.014634;-0.999893;0.187250;0.032146;0.999378;0.014516;0.790690;0.999483;-0.032133;-0.001133;2.130058;-0.000666;0.014545;-0.999894;0.187265;0.011259;0.001344;0.000000;-0.007665;-0.001178;-0.000000;0.000000;0.000000;0.000000;0.000000;0.000000;0.000000;
41;2.50953;0.000000;0.032191;0.999375;0.014611;0.790701;0.999482;-0.032180;-0.000950;2.129992;-0.000479;0.014634;-0.999893;0.187249;0.032146;0.999378;0.014516;0.790790;0.999483;-0.032133;-0.001133;2.130719;-0.000666;0.014545;-0.999894;0.187266;0.011063;0.001323;0.000000;-0.003271;-0.000359;-0.000000;0.000000;0.000000;0.000000;0.000000;0.000000;0.000000;
42;2.56958;0.000000;0.032187;0.999375;0.014611;0.790810;0.999482;-0.032177;-0.000949;2.130667;-0.000479;0.014634;-0.999893;0.187248;0.032146;0.999378;0.014516;0.790888;0.999483;-0.032133;-0.001133;2.131356;-0.000666;0.014545;-0.999894;0.187267;0.010655;0.001291;0.000000;-0.006798;-0.000525;-0.000000;0.000000;0.000000;0.000000;0.000000;0.000000;0.000000;
43;2.62956;0.000000;0.032200;0.999375;0.014612;0.790933;0.999481;-0.032190;-0.000949;2.131291;-0.000478;0.014635;-0.999893;0.187247;0.032146;0.999378;0.014516;0.790985;0.999483;-0.032133;-0.001133;2.131982;-0.000666;0.014545;-0.999894;0.187267;0.010487;0.001273;0.000000;-0.002793;-0.000308;-0.000000;0.000000;0.000000;0.000000;0.000000;0.000000;0.000000;
44;2.68948;0.000000;0.032210;0.999374;0.014612;0.791035;0.999481;-0.032200;-0.000949;2.131889;-0.000478;0.014635;-0.999893;0.187252;0.032146;0.999378;0.014516;0.791077;0.999483;-0.032133;-0.001133;2.132587;-0.000666;0.014545;-0.999894;0.187268;0.010118;0.001205;0.000000;-0.006143;-0.001132;-0.000000;0.000000;0.000000;0.000000;0.000000;0.000000;0.000000;
45;2.76352;0.000000;0.032201;0.999375;0.014612;0.791095;0.999481;-0.032191;-0.000949;2.132512;-0.000478;0.014635;-0.999893;0.187263;0.032146;0.999378;0.014516;0.791167;0.999483;-0.032133;-0.001133;2.133169;-0.000666;0.014545;-0.999894;0.187269;0.009757;0.001197;0.000000;-0.006021;-0.000132;-0.000000;0.000000;0.000000;0.000000;0.000000;0.000000;0.000000;
46;2.82357;0.000000;0.032158;0.999376;0.014612;0.791155;0.999483;-0.032147;-0.000969;2.133113;-0.000498;0.014636;-0.999893;0.187268;0.032146;0.999378;0.014516;0.791256;0.999483;-0.032133;-0.001133;2.133744;-0.000666;0.014545;-0.999894;0.187269;0.009627;0.001168;0.000000;-0.002175;-0.000482;-0.000000;0.000000;0.000000;0.000000;0.000000;0.000000;0.000000;
47;2.88356;0.000000;0.032176;0.999375;0.014612;0.791282;0.999482;-0.032165;-0.000969;2.133686;-0.000498;0.014636;-0.999893;0.187273;0.032146;0.999378;0.014516;0.791344;0.999483;-0.032133;-0.001133;2.134299;-0.000666;0.014545;-0.999894;0.187270;0.009287;0.001166;0.000000;-0.005663;-0.000043;-0.000000;0.000000;0.000000;0.000000;0.000000;0.000000;0.000000;
48;2.94355;0.000000;0.032183;0.999375;0.014612;0.791362;0.999482;-0.032173;-0.000968;2.134258;-0.000498;0.014636;-0.999893;0.187284;0.032146;0.999378;0.014516;0.791429;0.999483;-0.032133;-0.001133;2.134846;-0.000666;0.014545;-0.999894;0.187271;0.009151;0.001128;0.000000;-0.002273;-0.000628;-0.000000;0.000000;0.000000;0.000000;0.000000;0.000000;0.000000;
49;3.00361;0.000000;0.032176;0.999375;0.014612;0.791419;0.999482;-0.032165;-0.000968;2.134795;-0.000497;0.014636;-0.999893;0.187295;0.032146;0.999378;0.014516;0.791511;0.999483;-0.032133;-0.001133;2.135379;-0.000666;0.014545;-0.999894;0.187271;0.008922;0.001085;0.000000;-0.003803;-0.000721;-0.000000;0.000000;0.000000;0.000000;0.000000;0.000000;0.000000;
50;3.06352;0.000000;0.032221;0.999374;0.014613;0.791489;0.999481;-0.032210;-0.000968;2.135315;-0.000497;0.014636;-0.999893;0.187300;0.032146;0.999378;0.014516;0.791592;0.999483;-0.032133;-0.001133;2.135895;-0.000666;0.014545;-0.999894;0.187272;0.008642;0.001068;0.000000;-0.004678;-0.000278;-0.000000;0.000000;0.000000;0.000000;0.000000;0.000000;0.000000;
51;3.12356;0.000000;0.032181;0.999375;0.014613;0.791615;0.999482;-0.032170;-0.000968;2.135855;-0.000497;0.014636;-0.999893;0.187305;0.032146;0.999378;0.014516;0.791673;0.999483;-0.032133;-0.001133;2.136401;-0.000666;0.014545;-0.999894;0.187272;0.008484;0.001081;0.000000;-0.002624;0.000215;-0.000000;0.000000;0.000000;0.000000;0.000000;0.000000;0.000000;
52;3.18352;0.000000;0.032138;0.999377;0.014613;0.791709;0.999483;-0.032128;-0.000967;2.136368;-0.000497;0.014636;-0.999893;0.187304;0.032146;0.999378;0.014516;0.791755;0.999483;-0.032133;-0.001133;2.136901;-0.000666;0.014545;-0.999894;0.187273;0.008364;0.001093;0.000000;-0.002001;0.000194;-0.000000;0.000000;0.000000;0.000000;0.000000;0.000000;0.000000;
53;3.24357;0.000000;0.032210;0.999374;0.014613;0.791783;0.999481;-0.032200;-0.000967;2.136836;-0.000496;0.014636;-0.999893;0.187309;0.032146;0.999378;0.014516;0.791831;0.999483;-0.032133;-0.001133;2.137380;-0.000666;0.014545;-0.999894;0.187274;0.008013;0.001011;0.000000;-0.005856;-0.001355;-0.000000;0.000000;0.000000;0.000000;0.000000;0.000000;0.000000;
54;3.30381;0.000000;0.032176;0.999375;0.014613;0.791870;0.999482;-0.032165;-0.000967;2.137323;-0.000496;0.014636;-0.999893;0.187308;0.032146;0.999378;0.014516;0.791907;0.999483;-0.032133;-0.001133;2.137858;-0.000666;0.014545;-0.999894;0.187274;0.008013;0.001011;0.000000;0.000000;0.000000;0.000000;0.000000;0.000000;0.000000;0.000000;0.000000;0.000000;
55;3.36359;0.000000;0.032174;0.999375;0.014613;0.791922;0.999482;-0.032164;-0.000967;2.137817;-0.000496;0.014636;-0.999893;0.187307;0.032146;0.999378;0.014516;0.791979;0.999483;-0.032133;-0.001133;2.138310;-0.000666;0.014545;-0.999894;0.187275;0.007571;0.000952;0.000000;-0.007366;-0.000988;-0.000000;0.000000;0.000000;0.000000;0.000000;0.000000;0.000000;
56;3.43696;0.000000;0.032161;0.999376;0.014613;0.791979;0.999483;-0.032150;-0.000967;2.138295;-0.000496;0.014636;-0.999893;0.187306;0.032146;0.999378;0.014516;0.792050;0.999483;-0.032133;-0.001133;2.138747;-0.000666;0.014545;-0.999894;0.187275;0.007309;0.000960;0.000000;-0.004365;0.000132;-0.000000;0.000000;0.000000;0.000000;0.000000;0.000000;0.000000;
57;3.48961;0.000000;0.032169;0.999376;0.014613;0.792052;0.999482;-0.032158;-0.000966;2.138677;-0.000496;0.014636;-0.999893;0.187306;0.032146;0.999378;0.014516;0.792119;0.999483;-0.032133;-0.001133;2.139171;-0.000666;0.014545;-0.999894;0.187276;0.007107;0.000923;0.000000;-0.003369;-0.000611;-0.000000;0.000000;0.000000;0.000000;0.000000;0.000000;0.000000;
58;3.54954;0.000000;0.032172;0.999376;0.014613;0.792126;0.999482;-0.032161;-0.000966;2.139112;-0.000496;0.014636;-0.999893;0.187305;0.032146;0.999378;0.014516;0.792188;0.999483;-0.032133;-0.001133;2.139590;-0.000666;0.014545;-0.999894;0.187276;0.007020;0.000924;0.000000;-0.001450;0.000016;-0.000000;0.000000;0.000000;0.000000;0.000000;0.000000;0.000000;
59;3.60948;0.000000;0.032199;0.999375;0.014613;0.792208;0.999481;-0.032188;-0.000966;2.139565;-0.000495;0.014636;-0.999893;0.187303;0.032146;0.999378;0.014516;0.792257;0.999483;-0.032133;-0.001133;2.140010;-0.000666;0.014545;-0.999894;0.187277;0.007020;0.000924;0.000000;-0.000000;-0.000000;0.000000;0.000000;0.000000;0.000000;0.000000;0.000000;0.000000;
60;3.66952;0.000000;0.032211;0.999374;0.014613;0.792275;0.999481;-0.032200;-0.000966;2.139982;-0.000495;0.014636;-0.999893;0.187302;0.032146;0.999378;0.014516;0.792326;0.999483;-0.032133;-0.001133;2.140429;-0.000666;0.014545;-0.999894;0.187277;0.007020;0.000924;0.000000;0.000000;0.000000;0.000000;0.000000;0.000000;0.000000;0.000000;0.000000;0.000000;
61;3.7425;0.000000;0.032211;0.999374;0.014613;0.792338;0.999481;-0.032201;-0.000966;2.140391;-0.000494;0.014636;-0.999893;0.187301;0.032146;0.999378;0.014516;0.792390;0.999483;-0.032133;-0.001133;2.140809;-0.000666;0.014545;-0.999894;0.187278;0.006377;0.000851;0.000000;-0.010722;-0.001227;-0.000000;0.000000;0.000000;0.000000;0.000000;0.000000;0.000000;
62;3.79557;0.000000;0.032251;0.999373;0.014613;0.792402;0.999480;-0.032240;-0.000965;2.140756;-0.000494;0.014637;-0.999893;0.187301;0.032146;0.999378;0.014516;0.792453;0.999483;-0.032133;-0.001133;2.141190;-0.000666;0.014545;-0.999894;0.187278;0.006377;0.000851;0.000000;-0.000000;-0.000000;0.000000;0.000000;0.000000;0.000000;0.000000;0.000000;0.000000;
63;3.86541;0.000000;0.032227;0.999374;0.014613;0.792465;0.999480;-0.032217;-0.000965;2.141148;-0.000494;0.014637;-0.999893;0.187300;0.032146;0.999378;0.014516;0.792516;0.999483;-0.032133;-0.001133;2.141571;-0.000666;0.014545;-0.999894;0.187279;0.006377;0.000851;0.000000;0.000000;0.000000;0.000000;0.000000;0.000000;0.000000;0.000000;0.000000;0.000000;
64;3.91914;0.000000;0.032215;0.999374;0.014613;0.792540;0.999481;-0.032204;-0.000965;2.141540;-0.000494;0.014637;-0.999893;0.187299;0.032146;0.999378;0.014516;0.792577;0.999483;-0.032133;-0.001133;2.141925;-0.000666;0.014545;-0.999894;0.187279;0.005929;0.000822;0.000000;-0.007461;-0.000481;-0.000000;0.000000;0.000000;0.000000;0.000000;0.000000;0.000000;
65;3.98964;0.000000;0.032167;0.999376;0.014613;0.792595;0.999482;-0.032156;-0.000965;2.141905;-0.000494;0.014637;-0.999893;0.187298;0.032146;0.999378;0.014516;0.792638;0.999483;-0.032133;-0.001133;2.142279;-0.000666;0.014545;-0.999894;0.187280;0.005929;0.000822;0.000000;-0.000000;0.000000;0.000000;0.000000;0.000000;0.000000;0.000000;0.000000;0.000000;
66;4.04156;0.000000;0.032222;0.999374;0.014613;0.792644;0.999481;-0.032212;-0.000965;2.142219;-0.000493;0.014637;-0.999893;0.187297;0.032146;0.999378;0.014516;0.792697;0.999483;-0.032133;-0.001133;2.142628;-0.000666;0.014545;-0.999894;0.187280;0.005841;0.000810;0.000000;-0.001470;-0.000190;-0.000000;0.000000;0.000000;0.000000;0.000000;0.000000;0.000000;
67;4.10156;0.000000;0.032195;0.999375;0.014613;0.792717;0.999481;-0.032184;-0.000965;2.142568;-0.000494;0.014637;-0.999893;0.187302;0.032146;0.999378;0.014516;0.792754;0.999483;-0.032133;-0.001133;2.142953;-0.000666;0.014545;-0.999894;0.187281;0.005445;0.000765;0.000000;-0.006597;-0.000757;-0.000000;0.000000;0.000000;0.000000;0.000000;0.000000;0.000000;
68;4.16164;0.000000;0.032178;0.999375;0.014613;0.792780;0.999482;-0.032168;-0.000964;2.142925;-0.000494;0.014637;-0.999893;0.187301;0.032146;0.999378;0.014516;0.792810;0.999483;-0.032133;-0.001133;2.143278;-0.000666;0.014545;-0.999894;0.187281;0.005445;0.000765;0.000000;0.000000;0.000000;-0.000000;0.000000;0.000000;0.000000;0.000000;0.000000;0.000000;
69;4.22153;0.000000;0.032171;0.999376;0.014613;0.792840;0.999482;-0.032161;-0.000964;2.143265;-0.000494;0.014637;-0.999893;0.187300;0.032146;0.999378;0.014516;0.792867;0.999483;-0.032133;-0.001133;2.143603;-0.000666;0.014545;-0.999894;0.187281;0.005445;0.000765;0.000000;-0.000000;0.000000;0.000000;0.000000;0.000000;0.000000;0.000000;0.000000;0.000000;
70;4.28171;0.000000;0.032163;0.999376;0.014613;0.792897;0.999483;-0.032153;-0.000964;2.143596;-0.000494;0.014637;-0.999893;0.187299;0.032146;0.999378;0.014516;0.792919;0.999483;-0.032133;-0.001133;2.143900;-0.000666;0.014545;-0.999894;0.187282;0.004981;0.000719;0.000000;-0.007736;-0.000765;-0.000000;0.000000;0.000000;0.000000;0.000000;0.000000;0.000000;
71;4.34355;0.000000;0.032171;0.999376;0.014613;0.792947;0.999482;-0.032161;-0.000964;2.143875;-0.000493;0.014637;-0.999893;0.187298;0.032146;0.999378;0.014516;0.792972;0.999483;-0.032133;-0.001133;2.144197;-0.000666;0.014545;-0.999894;0.187282;0.004981;0.000719;0.000000;0.000000;0.000000;-0.000000;0.000000;0.000000;0.000000;0.000000;0.000000;0.000000;
72;4.409;0.000000;0.032169;0.999376;0.014613;0.793009;0.999482;-0.032158;-0.000964;2.144155;-0.000493;0.014637;-0.999893;0.187297;0.032146;0.999378;0.014516;0.793025;0.999483;-0.032133;-0.001133;2.144495;-0.000666;0.014545;-0.999894;0.187283;0.004981;0.000719;0.000000;-0.000000;-0.000000;0.000000;0.000000;0.000000;0.000000;0.000000;0.000000;0.000000;
73;4.46394;0.000000;0.032168;0.999376;0.014613;0.793066;0.999482;-0.032157;-0.000964;2.144451;-0.000493;0.014637;-0.999893;0.187296;0.032146;0.999378;0.014516;0.793072;0.999483;-0.032133;-0.001133;2.144758;-0.000666;0.014545;-0.999894;0.187283;0.004415;0.000647;0.000000;-0.009421;-0.001201;-0.000000;0.000000;0.000000;0.000000;0.000000;0.000000;0.000000;
74;4.52352;0.000000;0.032165;0.999376;0.014613;0.793100;0.999482;-0.032154;-0.000964;2.144730;-0.000493;0.014637;-0.999893;0.187296;0.032146;0.999378;0.014516;0.793119;0.999483;-0.032133;-0.001133;2.145017;-0.000666;0.014545;-0.999894;0.187284;0.004343;0.000638;0.000000;-0.001207;-0.000154;-0.000000;0.000000;0.000000;0.000000;0.000000;0.000000;0.000000;
75;4.58361;0.000000;0.032152;0.999376;0.014613;0.793132;0.999483;-0.032142;-0.000964;2.145017;-0.000493;0.014637;-0.999893;0.187301;0.032146;0.999378;0.014516;0.793163;0.999483;-0.032133;-0.001133;2.145264;-0.000666;0.014545;-0.999894;0.187284;0.004128;0.000605;0.000000;-0.003590;-0.000547;-0.000000;0.000000;0.000000;0.000000;0.000000;0.000000;0.000000;
76;4.64354;0.000000;0.032199;0.999375;0.014613;0.793175;0.999481;-0.032189;-0.000963;2.145252;-0.000492;0.014637;-0.999893;0.187300;0.032146;0.999378;0.014516;0.793208;0.999483;-0.032133;-0.001133;2.145503;-0.000666;0.014545;-0.999894;0.187284;0.004013;0.000622;0.000000;-0.001917;0.000283;-0.000000;0.000000;0.000000;0.000000;0.000000;0.000000;0.000000;
77;4.70348;0.000000;0.032213;0.999374;0.014613;0.793219;0.999481;-0.032202;-0.000963;2.145479;-0.000492;0.014637;-0.999893;0.187299;0.032146;0.999378;0.014516;0.793253;0.999483;-0.032133;-0.001133;2.145737;-0.000666;0.014545;-0.999894;0.187285;0.003923;0.000620;0.000000;-0.001496;-0.000035;-0.000000;0.000000;0.000000;0.000000;0.000000;0.000000;0.000000;
78;4.76352;0.000000;0.032204;0.999374;0.014613;0.793258;0.999481;-0.032194;-0.000963;2.145706;-0.000492;0.014637;-0.999893;0.187305;0.032146;0.999378;0.014516;0.793294;0.999483;-0.032133;-0.001133;2.145961;-0.000666;0.014545;-0.999894;0.187285;0.003744;0.000570;0.000000;-0.002976;-0.000821;-0.000000;0.000000;0.000000;0.000000;0.000000;0.000000;0.000000;
79;4.82348;0.000000;0.032216;0.999374;0.014613;0.793303;0.999481;-0.032205;-0.000963;2.145916;-0.000492;0.014637;-0.999893;0.187304;0.032146;0.999378;0.014516;0.793335;0.999483;-0.032133;-0.001133;2.146181;-0.000666;0.014545;-0.999894;0.187285;0.003688;0.000569;0.000000;-0.000943;-0.000026;-0.000000;0.000000;0.000000;0.000000;0.000000;0.000000;0.000000;
80;4.8836;0.000000;0.032207;0.999374;0.014613;0.793342;0.999481;-0.032197;-0.000943;2.146148;-0.000472;0.014635;-0.999893;0.187303;0.032146;0.999378;0.014516;0.793376;0.999483;-0.032133;-0.001133;2.146396;-0.000666;0.014545;-0.999894;0.187286;0.003615;0.000567;0.000000;-0.001218;-0.000039;-0.000000;0.000000;0.000000;0.000000;0.000000;0.000000;0.000000;
81;4.94757;0.000000;0.032199;0.999375;0.014614;0.793389;0.999481;-0.032188;-0.000963;2.146370;-0.000492;0.014637;-0.999893;0.187308;0.032146;0.999378;0.014516;0.793417;0.999483;-0.032133;-0.001133;2.146604;-0.000666;0.014545;-0.999894;0.187286;0.003487;0.000562;0.000000;-0.002126;-0.000080;-0.000000;0.000000;0.000000;0.000000;0.000000;0.000000;0.000000;
82;5.0075;0.000000;0.032212;0.999374;0.014613;0.793428;0.999481;-0.032202;-0.000942;2.146602;-0.000471;0.014635;-0.999893;0.187308;0.032146;0.999378;0.014516;0.793455;0.999483;-0.032133;-0.001133;2.146807;-0.000666;0.014545;-0.999894;0.187286;0.003398;0.000531;0.000000;-0.001481;-0.000511;-0.000000;0.000000;0.000000;0.000000;0.000000;0.000000;0.000000;
83;5.06753;0.000000;0.032203;0.999375;0.014613;0.793447;0.999481;-0.032192;-0.000942;2.146820;-0.000471;0.014635;-0.999893;0.187307;0.032146;0.999378;0.014516;0.793493;0.999483;-0.032133;-0.001133;2.147006;-0.000666;0.014545;-0.999894;0.187287;0.003331;0.000526;0.000000;-0.001128;-0.000089;-0.000000;0.000000;0.000000;0.000000;0.000000;0.000000;0.000000;
84;5.12757;0.000000;0.032170;0.999376;0.014614;0.793517;0.999482;-0.032160;-0.000963;2.147017;-0.000492;0.014637;-0.999893;0.187306;0.032146;0.999378;0.014516;0.793530;0.999483;-0.032133;-0.001133;2.147201;-0.000666;0.014545;-0.999894;0.187287;0.003270;0.000505;0.000000;-0.001005;-0.000337;-0.000000;0.000000;0.000000;0.000000;0.000000;0.000000;0.000000;
85;5.18763;0.000000;0.032148;0.999376;0.014613;0.793556;0.999483;-0.032138;-0.000942;2.147223;-0.000472;0.014635;-0.999893;0.187311;0.032146;0.999378;0.014516;0.793566;0.999483;-0.032133;-0.001133;2.147390;-0.000666;0.014545;-0.999894;0.187287;0.003173;0.000504;0.000000;-0.001625;-0.000026;-0.000000;0.000000;0.000000;0.000000;0.000000;0.000000;0.000000;
86;5.24749;0.000000;0.032137;0.999377;0.014613;0.793580;0.999483;-0.032126;-0.000942;2.147424;-0.000472;0.014635;-0.999893;0.187311;0.032146;0.999378;0.014516;0.793602;0.999483;-0.032133;-0.001133;2.147580;-0.000666;0.014545;-0.999894;0.187288;0.003173;0.000504;0.000000;0.000000;0.000000;-0.000000;0.000000;0.000000;0.000000;0.000000;0.000000;0.000000;
87;5.30747;0.000000;0.032142;0.999376;0.014614;0.793627;0.999483;-0.032131;-0.000962;2.147568;-0.000492;0.014637;-0.999893;0.187310;0.032146;0.999378;0.014516;0.793635;0.999483;-0.032133;-0.001133;2.147755;-0.000666;0.014545;-0.999894;0.187288;0.002943;0.000459;0.000000;-0.003824;-0.000748;-0.000000;0.000000;0.000000;0.000000;0.000000;0.000000;0.000000;
88;5.37298;0.000000;0.032170;0.999376;0.014613;0.793673;0.999482;-0.032160;-0.000942;2.147740;-0.000471;0.014635;-0.999893;0.187309;0.032146;0.999378;0.014516;0.793668;0.999483;-0.032133;-0.001133;2.147922;-0.000666;0.014545;-0.999894;0.187288;0.002802;0.000448;0.000000;-0.002348;-0.000180;-0.000000;0.000000;0.000000;0.000000;0.000000;0.000000;0.000000;
89;5.42749;0.000000;0.032200;0.999375;0.014614;0.793710;0.999481;-0.032189;-0.000962;2.147910;-0.000491;0.014637;-0.999893;0.187309;0.032146;0.999378;0.014516;0.793700;0.999483;-0.032133;-0.001133;2.148088;-0.000666;0.014545;-0.999894;0.187289;0.002772;0.000448;0.000000;-0.000512;-0.000008;-0.000000;0.000000;0.000000;0.000000;0.000000;0.000000;0.000000;
90;5.48762;0.000000;0.032207;0.999374;0.014613;0.793743;0.999481;-0.032196;-0.000942;2.148081;-0.000471;0.014635;-0.999893;0.187314;0.032146;0.999378;0.014516;0.793733;0.999483;-0.032133;-0.001133;2.148254;-0.000666;0.014545;-0.999894;0.187289;0.002783;0.000462;0.000000;0.000181;0.000243;0.000000;0.000000;0.000000;0.000000;0.000000;0.000000;0.000000;
91;5.54759;0.000000;0.032202;0.999375;0.014614;0.793765;0.999481;-0.032191;-0.000962;2.148233;-0.000491;0.014637;-0.999893;0.187314;0.032146;0.999378;0.014516;0.793761;0.999483;-0.032133;-0.001133;2.148411;-0.000666;0.014545;-0.999894;0.187289;0.002631;0.000380;0.000000;-0.002528;-0.001379;-0.000000;0.000000;0.000000;0.000000;0.000000;0.000000;0.000000;
92;5.60756;0.000000;0.032167;0.999376;0.014613;0.793781;0.999482;-0.032157;-0.000942;2.148421;-0.000471;0.014635;-0.999893;0.187313;0.032146;0.999378;0.014516;0.793791;0.999483;-0.032133;-0.001133;2.148565;-0.000666;0.014545;-0.999894;0.187289;0.002589;0.000416;0.000000;-0.000689;0.000611;-0.000000;0.000000;0.000000;0.000000;0.000000;0.000000;0.000000;
93;5.66753;0.000000;0.032141;0.999377;0.014613;0.793793;0.999483;-0.032131;-0.000942;2.148586;-0.000471;0.014635;-0.999893;0.187313;0.032146;0.999378;0.014516;0.793822;0.999483;-0.032133;-0.001133;2.148719;-0.000666;0.014545;-0.999894;0.187290;0.002574;0.000431;0.000000;-0.000260;0.000252;-0.000000;0.000000;0.000000;0.000000;0.000000;0.000000;0.000000;
94;5.72771;0.000000;0.032167;0.999376;0.014614;0.793828;0.999482;-0.032157;-0.000962;2.148721;-0.000491;0.014637;-0.999893;0.187312;0.032146;0.999378;0.014516;0.793852;0.999483;-0.032133;-0.001133;2.148866;-0.000666;0.014545;-0.999894;0.187290;0.002468;0.000433;0.000000;-0.001761;0.000030;-0.000000;0.000000;0.000000;0.000000;0.000000;0.000000;0.000000;
95;5.78755;0.000000;0.032183;0.999375;0.014613;0.793870;0.999482;-0.032172;-0.000941;2.148876;-0.000471;0.014635;-0.999893;0.187311;0.032146;0.999378;0.014516;0.793881;0.999483;-0.032133;-0.001133;2.149009;-0.000666;0.014545;-0.999894;0.187290;0.002390;0.000393;0.000000;-0.001302;-0.000674;-0.000000;0.000000;0.000000;0.000000;0.000000;0.000000;0.000000;
96;5.85333;0.000000;0.032155;0.999376;0.014614;0.793901;0.999483;-0.032144;-0.000962;2.149011;-0.000491;0.014637;-0.999893;0.187311;0.032146;0.999378;0.014516;0.793907;0.999483;-0.032133;-0.001133;2.149149;-0.000666;0.014545;-0.999894;0.187290;0.002345;0.000371;0.000000;-0.000746;-0.000368;-0.000000;0.000000;0.000000;0.000000;0.000000;0.000000;0.000000;
97;5.91501;0.000000;0.032126;0.999377;0.014602;0.793916;0.999484;-0.032115;-0.000962;2.149150;-0.000493;0.014625;-0.999893;0.187308;0.032146;0.999378;0.014516;0.793934;0.999483;-0.032133;-0.001133;2.149282;-0.000666;0.014545;-0.999894;0.187291;0.002245;0.000379;0.000000;-0.001665;0.000138;-0.000000;0.000000;0.000000;0.000000;0.000000;0.000000;0.000000;
98;5.96758;0.000000;0.032173;0.999376;0.014603;0.793930;0.999482;-0.032162;-0.000983;2.149276;-0.000512;0.014627;-0.999893;0.187308;0.032146;0.999378;0.014516;0.793961;0.999483;-0.032133;-0.001133;2.149416;-0.000666;0.014545;-0.999894;0.187291;0.002245;0.000379;0.000000;0.000000;0.000000;0.000000;0.000000;0.000000;0.000000;0.000000;0.000000;0.000000;
99;6.02766;0.000000;0.032206;0.999375;0.014602;0.793957;0.999481;-0.032196;-0.000962;2.149395;-0.000492;0.014625;-0.999893;0.187307;0.032146;0.999378;0.014516;0.793986;0.999483;-0.032133;-0.001133;2.149542;-0.000666;0.014545;-0.999894;0.187291;0.002097;0.000346;0.000000;-0.002474;-0.000552;-0.000000;0.000000;0.000000;0.000000;0.000000;0.000000;0.000000;
100;6.08758;0.000000;0.032211;0.999374;0.014602;0.794004;0.999481;-0.032200;-0.000962;2.149536;-0.000491;0.014625;-0.999893;0.187306;0.032146;0.999378;0.014516;0.794011;0.999483;-0.032133;-0.001133;2.149667;-0.000666;0.014545;-0.999894;0.187291;0.002107;0.000340;0.000000;0.000168;-0.000089;0.000000;0.000000;0.000000;0.000000;0.000000;0.000000;0.000000;
101;6.15749;0.000000;0.032191;0.999375;0.014602;0.794039;0.999482;-0.032180;-0.000962;2.149659;-0.000492;0.014625;-0.999893;0.187312;0.032146;0.999378;0.014516;0.794035;0.999483;-0.032133;-0.001133;2.149790;-0.000666;0.014545;-0.999894;0.187291;0.002061;0.000348;0.000000;-0.000775;0.000128;-0.000000;0.000000;0.000000;0.000000;0.000000;0.000000;0.000000;
102;6.21757;0.000000;0.032140;0.999377;0.014603;0.794058;0.999483;-0.032129;-0.000983;2.149785;-0.000513;0.014627;-0.999893;0.187311;0.032146;0.999378;0.014516;0.794061;0.999483;-0.032133;-0.001133;2.149909;-0.000666;0.014545;-0.999894;0.187292;0.001997;0.000359;0.000000;-0.001055;0.000179;-0.000000;0.000000;0.000000;0.000000;0.000000;0.000000;0.000000;
103;6.27752;0.000000;0.032109;0.999378;0.014602;0.794081;0.999484;-0.032099;-0.000962;2.149913;-0.000493;0.014625;-0.999893;0.187311;0.032146;0.999378;0.014516;0.794085;0.999483;-0.032133;-0.001133;2.150027;-0.000666;0.014545;-0.999894;0.187292;0.001970;0.000340;0.000000;-0.000463;-0.000319;-0.000000;0.000000;0.000000;0.000000;0.000000;0.000000;0.000000;
104;6.33752;0.000000;0.032153;0.999376;0.014603;0.794109;0.999483;-0.032143;-0.000982;2.150013;-0.000512;0.014627;-0.999893;0.187310;0.032146;0.999378;0.014516;0.794109;0.999483;-0.032133;-0.001133;2.150144;-0.000666;0.014545;-0.999894;0.187292;0.001970;0.000340;0.000000;0.000000;0.000000;0.000000;0.000000;0.000000;0.000000;0.000000;0.000000;0.000000;
105;6.39748;0.000000;0.032199;0.999375;0.014602;0.794127;0.999481;-0.032188;-0.000962;2.150140;-0.000491;0.014625;-0.999893;0.187310;0.032146;0.999378;0.014516;0.794132;0.999483;-0.032133;-0.001133;2.150253;-0.000666;0.014545;-0.999894;0.187292;0.001830;0.000319;0.000000;-0.002329;-0.000351;-0.000000;0.000000;0.000000;0.000000;0.000000;0.000000;0.000000;
106;6.45755;0.000000;0.032201;0.999375;0.014603;0.794138;0.999481;-0.032190;-0.000982;2.150257;-0.000512;0.014627;-0.999893;0.187310;0.032146;0.999378;0.014516;0.794154;0.999483;-0.032133;-0.001133;2.150361;-0.000666;0.014545;-0.999894;0.187293;0.001799;0.000316;0.000000;-0.000511;-0.000041;-0.000000;0.000000;0.000000;0.000000;0.000000;0.000000;0.000000;
107;6.51768;0.000000;0.032149;0.999376;0.014602;0.794160;0.999483;-0.032138;-0.000962;2.150385;-0.000492;0.014625;-0.999893;0.187309;0.032146;0.999378;0.014516;0.794175;0.999483;-0.032133;-0.001133;2.150462;-0.000666;0.014545;-0.999894;0.187293;0.001699;0.000291;0.000000;-0.001661;-0.000428;-0.000000;0.000000;0.000000;0.000000;0.000000;0.000000;0.000000;
108;6.57761;0.000000;0.032128;0.999377;0.014603;0.794188;0.999484;-0.032117;-0.000982;2.150485;-0.000513;0.014627;-0.999893;0.187309;0.032146;0.999378;0.014516;0.794195;0.999483;-0.032133;-0.001133;2.150561;-0.000666;0.014545;-0.999894;0.187293;0.001667;0.000284;0.000000;-0.000543;-0.000112;-0.000000;0.000000;0.000000;0.000000;0.000000;0.000000;0.000000;
109;6.63756;0.000000;0.032169;0.999376;0.014602;0.794208;0.999482;-0.032159;-0.000962;2.150578;-0.000492;0.014625;-0.999893;0.187308;0.032146;0.999378;0.014516;0.794214;0.999483;-0.032133;-0.001133;2.150659;-0.000666;0.014545;-0.999894;0.187293;0.001631;0.000268;0.000000;-0.000592;-0.000261;-0.000000;0.000000;0.000000;0.000000;0.000000;0.000000;0.000000;
