message_number;message_time_s;ellipse_factor;prev_real_position_0_0;prev_real_position_0_1;prev_real_position_0_2;prev_real_position_0_3;prev_real_position_1_0;prev_real_position_1_1;prev_real_position_1_2;prev_real_position_1_3;prev_real_position_2_0;prev_real_position_2_1;prev_real_position_2_2;prev_real_position_2_3;np_0_0;np_0_1;np_0_2;np_0_3;np_1_0;np_1_1;np_1_2;np_1_3;np_2_0;np_2_1;np_2_2;np_2_3;velocity_0;velocity_1;velocity_2;acceleration_0;acceleration_1;acceleration_2;angular_velocity_0;angular_velocity_1;angular_velocity_2;angular_acceleration_0;angular_acceleration_1;angular_acceleration_2;
0;6.70955;0.934186;0.032171;0.999376;0.014602;0.794219;0.999482;-0.032160;-0.000962;2.150691;-0.000492;0.014625;-0.999893;0.187308;0.032160;0.999375;0.014704;0.794185;0.999483;-0.032160;-0.000249;2.149612;0.000224;0.014705;-0.999892;0.187309;-0.018000;0.000000;-0.000000;-0.300000;0.000000;-0.000000;-0.001328;0.011926;0.000000;-0.022139;0.198771;0.000000;
1;6.7614;0.938166;0.032489;0.999365;0.014602;0.794243;0.999472;-0.032478;-0.000962;2.150216;-0.000487;0.014625;-0.999893;0.187309;0.032144;0.999373;0.014862;0.794144;0.999482;-0.032160;0.000844;2.148364;0.001322;0.014827;-0.999889;0.187308;-0.020801;0.000000;-0.000000;-0.046683;0.000000;-0.000000;-0.002038;0.018294;0.000000;-0.011832;0.106130;0.000000;
2;6.82149;0.938557;0.032707;0.999358;0.014611;0.794319;0.999465;-0.032697;-0.000901;2.148735;-0.000422;0.014632;-0.999893;0.187313;0.032128;0.999371;0.015021;0.794104;0.999481;-0.032160;0.001902;2.147123;0.002384;0.014952;-0.999885;0.187307;-0.020697;0.000000;-0.000000;0.001733;-0.000000;0.000000;-0.002087;0.017708;0.000000;-0.000816;-0.009762;0.000000;
3;6.88141;0.935517;0.032686;0.999356;0.014777;0.794431;0.999466;-0.032682;-0.000505;2.147077;-0.000021;0.014785;-0.999891;0.187352;0.032109;0.999369;0.015176;0.794065;0.999478;-0.032160;0.003147;2.145888;0.003633;0.015067;-0.999880;0.187304;-0.020594;0.000000;-0.000000;0.001724;0.000000;0.000000;-0.001909;0.020820;0.000000;0.002969;0.051869;-0.000000;
4;6.94147;0.931717;0.032675;0.999353;0.015006;0.794519;0.999463;-0.032706;0.001797;2.145964;0.002287;0.014939;-0.999886;0.187419;0.032085;0.999368;0.015332;0.794025;0.999471;-0.032161;0.004734;2.144659;0.005224;0.015172;-0.999871;0.187299;-0.020491;0.000000;-0.000000;0.001715;0.000000;0.000000;-0.001750;0.026527;0.000000;0.002654;0.095102;0.000000;
5;7.00136;0.931717;0.032597;0.999353;0.015230;0.794450;0.999458;-0.032664;0.004159;2.144850;0.004654;0.015086;-0.999875;0.187481;0.032060;0.999366;0.015488;0.793986;0.999463;-0.032161;0.006322;2.143437;0.006816;0.015277;-0.999860;0.187293;-0.020388;0.000000;-0.000000;0.001707;0.000000;0.000000;-0.001750;0.026527;0.000000;-0.000000;-0.000000;-0.000000;
6;7.06143;0.933087;0.032523;0.999351;0.015454;0.794324;0.999449;-0.032621;0.006131;2.143638;0.006631;0.015246;-0.999862;0.187539;0.032024;0.999365;0.015606;0.793947;0.999445;-0.032162;0.008628;2.142220;0.009124;0.015321;-0.999841;0.187284;-0.020286;0.000000;-0.000000;0.001698;-0.000000;0.000000;-0.000739;0.038484;0.000000;0.016839;0.199290;-0.000000;
7;7.12142;0.937120;0.032400;0.999353;0.015619;0.794194;0.999437;-0.032532;0.008263;2.142441;0.008766;0.015342;-0.999844;0.187574;0.031982;0.999365;0.015713;0.793908;0.999419;-0.032162;0.011323;2.141010;0.011821;0.015342;-0.999812;0.187273;-0.020185;0.000000;-0.000000;0.001690;0.000000;0.000000;-0.000345;0.044947;0.000000;0.006579;0.107714;-0.000000;
8;7.18145;0.931968;0.032367;0.999352;0.015750;0.794056;0.999411;-0.032541;0.010925;2.141178;0.011430;0.015387;-0.999816;0.187523;0.031933;0.999364;0.015870;0.793870;0.999378;-0.032163;0.014464;2.139805;0.014965;0.015398;-0.999769;0.187259;-0.020084;0.000000;-0.000000;0.001681;-0.000000;0.000000;-0.000938;0.052416;0.000000;-0.009887;0.124483;0.000000;
9;7.24146;0.934278;0.032234;0.999354;0.015888;0.793988;0.999374;-0.032459;0.014097;2.140020;0.014604;0.015424;-0.999774;0.187406;0.031880;0.999363;0.016035;0.793831;0.999325;-0.032164;0.017748;2.138607;0.018253;0.015459;-0.999714;0.187241;-0.019984;0.000000;-0.000000;0.001673;0.000000;0.000000;-0.001013;0.054811;0.000000;-0.001252;0.039924;0.000000;
10;7.30147;0.934597;0.032165;0.999354;0.016056;0.793930;0.999326;-0.032441;0.017208;2.138743;0.017717;0.015492;-0.999723;0.187323;0.031824;0.999362;0.016206;0.793793;0.999257;-0.032165;0.021219;2.137415;0.021727;0.015519;-0.999643;0.187219;-0.019884;0.000000;-0.000000;0.001664;0.000000;0.000000;-0.001007;0.057916;0.000000;0.000105;0.051745;0.000000;
11;7.36141;0.930087;0.032082;0.999351;0.016353;0.793914;0.999253;-0.032423;0.021016;2.137651;0.021533;0.015667;-0.999645;0.187289;0.031766;0.999361;0.016382;0.793756;0.999176;-0.032166;0.024754;2.136229;0.025266;0.015582;-0.999559;0.187194;-0.019785;0.000000;-0.000000;0.001656;0.000000;0.000000;-0.001056;0.059005;0.000000;-0.000818;0.018155;0.000000;
12;7.4216;0.930557;0.031984;0.999352;0.016540;0.793840;0.999172;-0.032386;0.024635;2.136442;0.025155;0.015738;-0.999560;0.187251;0.031705;0.999360;0.016568;0.793718;0.999076;-0.032168;0.028493;2.135049;0.029008;0.015649;-0.999457;0.187164;-0.019686;0.000000;-0.000000;0.001647;0.000000;0.000000;-0.001110;0.062404;0.000000;-0.000900;0.056645;0.000000;
13;7.48153;0.930557;0.031842;0.999353;0.016706;0.793775;0.999077;-0.032306;0.028293;2.135245;0.028814;0.015790;-0.999460;0.187245;0.031642;0.999359;0.016753;0.793681;0.998963;-0.032170;0.032232;2.133874;0.032750;0.015716;-0.999340;0.187130;-0.019587;0.000000;-0.000000;0.001639;-0.000000;0.000000;-0.001110;0.062404;0.000000;-0.000000;-0.000000;-0.000000;
14;7.54164;0.937677;0.031728;0.999354;0.016878;0.793716;0.998968;-0.032255;0.031970;2.134026;0.032493;0.015846;-0.999346;0.187233;0.031580;0.999358;0.016929;0.793644;0.998837;-0.032172;0.035912;2.132706;0.036433;0.015775;-0.999212;0.187091;-0.019490;0.000000;-0.000000;0.001631;0.000000;0.000000;-0.000989;0.061430;0.000000;0.002018;-0.016236;-0.000000;
15;7.60146;0.932523;0.031642;0.999354;0.017031;0.793683;0.998848;-0.032232;0.035563;2.132841;0.036089;0.015886;-0.999222;0.187157;0.031518;0.999357;0.017087;0.793607;0.998699;-0.032174;0.039555;2.131544;0.040080;0.015818;-0.999071;0.187049;-0.019392;0.000000;-0.000000;0.001622;0.000000;0.000000;-0.000727;0.060827;0.000000;0.004369;-0.010044;-0.000000;
16;7.66154;0.932523;0.031525;0.999355;0.017172;0.793647;0.998711;-0.032179;0.039257;2.131715;0.039785;0.015912;-0.999082;0.187105;0.031456;0.999356;0.017246;0.793571;0.998548;-0.032176;0.043198;2.130388;0.043726;0.015862;-0.998918;0.187003;-0.019295;0.000000;-0.000000;0.001614;-0.000000;0.000000;-0.000727;0.060827;0.000000;-0.000000;0.000000;0.000000;
17;7.72154;0.938844;0.031409;0.999356;0.017330;0.793592;0.998560;-0.032128;0.042951;2.130607;0.043480;0.015956;-0.998927;0.187061;0.031388;0.999355;0.017437;0.793534;0.998372;-0.032179;0.047091;2.129238;0.047622;0.015931;-0.998738;0.186952;-0.019199;0.000000;-0.000000;0.001606;0.000000;0.000000;-0.001145;0.065016;0.000000;-0.006972;0.069815;0.000000;
18;7.78153;0.938844;0.031367;0.999355;0.017508;0.793560;0.998390;-0.032155;0.046724;2.129433;0.047257;0.016014;-0.998754;0.186974;0.031319;0.999354;0.017628;0.793498;0.998181;-0.032182;0.050983;2.128093;0.051518;0.015999;-0.998544;0.186898;-0.019103;0.000000;-0.000000;0.001598;0.000000;0.000000;-0.001145;0.065016;0.000000;-0.000000;0.000000;-0.000000;
19;7.84155;0.942750;0.031319;0.999353;0.017690;0.793512;0.998192;-0.032181;0.050762;2.128317;0.051298;0.016068;-0.998554;0.186904;0.031249;0.999353;0.017806;0.793463;0.997969;-0.032185;0.054969;2.126955;0.055507;0.016052;-0.998329;0.186839;-0.019008;0.000000;-0.000000;0.001589;-0.000000;0.000000;-0.000882;0.066586;0.000000;0.004377;0.026162;-0.000000;
20;7.9016;0.935180;0.031248;0.999352;0.017882;0.793464;0.997990;-0.032183;0.054594;2.127124;0.055134;0.016140;-0.998349;0.186887;0.031175;0.999352;0.017987;0.793427;0.997733;-0.032188;0.059104;2.125822;0.059645;0.016103;-0.998090;0.186776;-0.018913;-0.000000;-0.000000;0.001581;-0.000000;0.000000;-0.000855;0.069091;0.000000;0.000463;0.041749;0.000000;
21;7.96553;0.947481;0.031127;0.999353;0.018028;0.793434;0.997765;-0.032134;0.058587;2.126007;0.059128;0.016165;-0.998120;0.186803;0.031099;0.999351;0.018173;0.793392;0.997479;-0.032191;0.063246;2.124696;0.063790;0.016160;-0.997833;0.186709;-0.018819;0.000000;-0.000000;0.001573;0.000000;0.000000;-0.000946;0.069229;0.000000;-0.001520;0.002306;0.000000;
22;8.02553;0.939406;0.031142;0.999349;0.018203;0.793422;0.997520;-0.032225;0.062578;2.124769;0.063124;0.016209;-0.997874;0.186712;0.031023;0.999350;0.018356;0.793357;0.997205;-0.032195;0.067417;2.123575;0.067964;0.016213;-0.997556;0.186637;-0.018725;0.000000;-0.000000;0.001565;0.000000;0.000000;-0.000885;0.069731;0.000000;0.001010;0.008364;-0.000000;
23;8.08541;0.935581;0.031070;0.999348;0.018404;0.793381;0.997239;-0.032237;0.066895;2.123681;0.067445;0.016275;-0.997590;0.186728;0.030945;0.999349;0.018532;0.793322;0.996912;-0.032198;0.071620;2.122460;0.072170;0.016258;-0.997260;0.186561;-0.018631;0.000000;-0.000000;0.001556;0.000000;0.000000;-0.000755;0.070286;0.000000;0.002165;0.009247;-0.000000;
24;8.14555;0.942362;0.030965;0.999347;0.018624;0.793362;0.996935;-0.032219;0.071292;2.122640;0.071845;0.016359;-0.997282;0.186637;0.030865;0.999348;0.018707;0.793288;0.996596;-0.032201;0.075887;2.121352;0.076440;0.016301;-0.996941;0.186481;-0.018538;-0.000000;-0.000000;0.001548;-0.000000;0.000000;-0.000711;0.071364;0.000000;0.000731;0.017972;-0.000000;
25;8.20546;0.935171;0.030865;0.999346;0.018817;0.793339;0.996632;-0.032201;0.075421;2.121515;0.075978;0.016426;-0.996974;0.186535;0.030785;0.999348;0.018890;0.793254;0.996263;-0.032205;0.080141;2.120249;0.080697;0.016352;-0.996605;0.186396;-0.018446;-0.000000;-0.000000;0.001540;-0.000000;0.000000;-0.000863;0.071186;0.000000;-0.002521;-0.002960;0.000000;
26;8.26553;0.941674;0.030755;0.999346;0.019034;0.793299;0.996285;-0.032182;0.079875;2.120454;0.080435;0.016507;-0.996623;0.186463;0.030705;0.999347;0.019066;0.793220;0.995917;-0.032209;0.084328;2.119151;0.084887;0.016399;-0.996256;0.186307;-0.018354;0.000000;-0.000000;0.001532;0.000000;0.000000;-0.000786;0.070076;0.000000;0.001271;-0.018506;-0.000000;
27;8.32539;0.940802;0.030597;0.999346;0.019268;0.793276;0.995943;-0.032113;0.084062;2.119353;0.084626;0.016618;-0.996274;0.186360;0.030626;0.999346;0.019231;0.793186;0.995558;-0.032212;0.088465;2.118060;0.089027;0.016436;-0.995894;0.186214;-0.018263;-0.000000;-0.000000;0.001524;-0.000000;0.000000;-0.000614;0.069278;0.000000;0.002870;-0.013302;-0.000000;
28;8.38548;0.943735;0.030543;0.999343;0.019512;0.793261;0.995561;-0.032155;0.088450;2.118311;0.089019;0.016723;-0.995889;0.186293;0.030546;0.999345;0.019380;0.793153;0.995185;-0.032214;0.092566;2.116975;0.093129;0.016459;-0.995518;0.186117;-0.018172;0.000000;-0.000000;0.001516;0.000000;0.000000;-0.000387;0.068665;0.000000;0.003781;-0.010220;-0.000000;
29;8.4474;0.939191;0.030475;0.999340;0.019769;0.793254;0.995178;-0.032181;0.092653;2.117266;0.093228;0.016851;-0.995502;0.186209;0.030465;0.999345;0.019521;0.793120;0.994789;-0.032216;0.096730;2.115895;0.097296;0.016473;-0.995119;0.186016;-0.018081;-0.000000;-0.000000;0.001508;-0.000000;0.000000;-0.000227;0.069764;0.000000;0.002671;0.018328;-0.000000;
30;8.50758;0.939191;0.030399;0.999338;0.020007;0.793240;0.994764;-0.032202;0.096997;2.116196;0.097577;0.016954;-0.995084;0.186135;0.030383;0.999345;0.019662;0.793087;0.994376;-0.032217;0.100893;2.114821;0.101460;0.016486;-0.994703;0.185911;-0.017991;0.000000;-0.000000;0.001500;0.000000;0.000000;-0.000227;0.069764;0.000000;-0.000000;-0.000000;-0.000000;
31;8.56757;0.938044;0.030347;0.999337;0.020110;0.793192;0.994369;-0.032228;0.100954;2.115056;0.101535;0.016933;-0.994688;0.186052;0.030299;0.999346;0.019757;0.793054;0.993938;-0.032213;0.105113;2.113753;0.105680;0.016452;-0.994264;0.185802;-0.017902;0.000000;-0.000000;0.001491;0.000000;0.000000;0.000571;0.070725;0.000000;0.013299;0.016011;-0.000000;
32;8.63505;0.942439;0.030283;0.999340;0.020070;0.793121;0.993953;-0.032228;0.104975;2.113974;0.105552;0.016770;-0.994272;0.185895;0.030217;0.999346;0.019838;0.793022;0.993491;-0.032209;0.109265;2.112691;0.109833;0.016407;-0.993815;0.185689;-0.017813;-0.000000;-0.000000;0.001483;-0.000000;0.000000;0.000749;0.069624;0.000000;0.002970;-0.018350;-0.000000;
33;8.69643;0.938123;0.030200;0.999342;0.020091;0.793076;0.993496;-0.032219;0.109217;2.112948;0.109792;0.016662;-0.993815;0.185809;0.030132;0.999347;0.019934;0.792990;0.993015;-0.032205;0.113509;2.111634;0.114077;0.016375;-0.993337;0.185572;-0.017724;-0.000000;-0.000000;0.001475;0.000000;0.000000;0.000548;0.071201;0.000000;-0.003347;0.026280;0.000000;
34;8.74955;0.940677;0.030106;0.999345;0.020098;0.793024;0.993065;-0.032191;0.113072;2.111825;0.113645;0.016554;-0.993383;0.185658;0.030048;0.999348;0.020034;0.792958;0.992532;-0.032202;0.117654;2.110584;0.118222;0.016349;-0.992853;0.185452;-0.017636;-0.000000;-0.000000;0.001467;0.000000;0.000000;0.000429;0.069561;0.000000;-0.001989;-0.027335;0.000000;
35;8.80952;0.938777;0.030042;0.999345;0.020151;0.792981;0.992568;-0.032205;0.117352;2.110782;0.117925;0.016475;-0.992886;0.185460;0.029965;0.999348;0.020124;0.792926;0.992035;-0.032198;0.121781;2.109539;0.122350;0.016315;-0.992353;0.185327;-0.017549;-0.000000;-0.000000;0.001459;0.000000;0.000000;0.000580;0.069310;0.000000;0.002518;-0.004183;-0.000000;
36;8.8695;0.938689;0.030037;0.999344;0.020250;0.792945;0.992080;-0.032278;0.121386;2.109704;0.121960;0.016444;-0.992399;0.185387;0.029880;0.999349;0.020238;0.792895;0.991513;-0.032196;0.125962;2.108499;0.126531;0.016303;-0.991829;0.185199;-0.017462;-0.000000;-0.000000;0.001451;0.000000;0.000000;0.000205;0.070243;0.000000;-0.006257;0.015553;0.000000;
37;8.92945;0.940460;0.029958;0.999345;0.020324;0.792898;0.991558;-0.032279;0.125582;2.108675;0.126156;0.016390;-0.991875;0.185253;0.029795;0.999349;0.020365;0.792864;0.990980;-0.032197;0.130087;2.107466;0.130658;0.016306;-0.991293;0.185067;-0.017375;-0.000000;-0.000000;0.001444;-0.000000;0.000000;-0.000054;0.069362;0.000000;-0.004308;-0.014679;0.000000;
38;8.99249;0.941463;0.029896;0.999344;0.020435;0.792854;0.991020;-0.032300;0.129755;2.107606;0.130330;0.016372;-0.991335;0.185149;0.029711;0.999349;0.020476;0.792833;0.990433;-0.032195;0.134183;2.106438;0.134755;0.016294;-0.990745;0.184932;-0.017289;-0.000000;-0.000000;0.001436;0.000000;0.000000;0.000199;0.068899;0.000000;0.004214;-0.007723;-0.000000;
39;9.05415;0.939238;0.029829;0.999343;0.020566;0.792811;0.990483;-0.032318;0.133784;2.106544;0.134361;0.016380;-0.990797;0.184993;0.029626;0.999349;0.020612;0.792802;0.989870;-0.032197;0.138275;2.105415;0.138849;0.016307;-0.990179;0.184792;-0.017203;-0.000000;-0.000000;0.001428;0.000000;0.000000;-0.000213;0.068892;0.000000;-0.006857;-0.000114;0.000000;
40;9.10957;0.939238;0.029695;0.999345;0.020694;0.792765;0.989944;-0.032268;0.137730;2.105514;0.138308;0.016396;-0.990254;0.184830;0.029540;0.999348;0.020747;0.792772;0.989290;-0.032199;0.142365;2.104399;0.142940;0.016319;-0.989597;0.184650;-0.017118;-0.000000;-0.000000;0.001420;0.000000;0.000000;-0.000213;0.068892;0.000000;-0.000000;0.000000;-0.000000;
41;9.16989;0.940334;0.029612;0.999344;0.020827;0.792715;0.989352;-0.032274;0.141919;2.104536;0.142498;0.016402;-0.989659;0.184675;0.029452;0.999348;0.020879;0.792741;0.988675;-0.032200;0.146575;2.103388;0.147152;0.016326;-0.988979;0.184504;-0.017033;-0.000000;-0.000000;0.001412;-0.000000;0.000000;-0.000116;0.070947;0.000000;0.001614;0.034250;-0.000000;
42;9.22963;0.939382;0.029585;0.999343;0.020959;0.792661;0.988725;-0.032337;0.146207;2.103583;0.146788;0.016397;-0.989032;0.184536;0.029363;0.999348;0.021015;0.792711;0.988044;-0.032201;0.150771;2.102382;0.151349;0.016337;-0.988345;0.184354;-0.016949;-0.000000;-0.000000;0.001404;0.000000;0.000000;-0.000183;0.070759;0.000000;-0.001115;-0.003134;0.000000;
43;9.28946;0.939382;0.029492;0.999343;0.021089;0.792598;0.988107;-0.032333;0.150331;2.102537;0.150914;0.016405;-0.988411;0.184366;0.029273;0.999348;0.021151;0.792682;0.987395;-0.032203;0.154964;2.101382;0.155544;0.016348;-0.987694;0.184201;-0.016865;-0.000000;-0.000000;0.001396;0.000000;0.000000;-0.000183;0.070759;0.000000;-0.000000;0.000000;-0.000000;
44;9.36899;0.936842;0.029371;0.999343;0.021226;0.792538;0.987456;-0.032304;0.154555;2.101551;0.155139;0.016420;-0.987756;0.184280;0.029185;0.999347;0.021286;0.792652;0.986745;-0.032205;0.159052;2.100388;0.159633;0.016362;-0.987041;0.184044;-0.016782;-0.000000;-0.000000;0.001389;-0.000000;0.000000;-0.000242;0.069030;0.000000;-0.000988;-0.028811;0.000000;
45;9.42472;0.942271;0.029119;0.999348;0.021343;0.792483;0.986846;-0.032139;0.158434;2.100599;0.159016;0.016449;-0.987139;0.184125;0.029099;0.999347;0.021423;0.792623;0.986094;-0.032208;0.163036;2.099399;0.163620;0.016381;-0.986387;0.183884;-0.016699;-0.000000;-0.000000;0.001381;-0.000000;0.000000;-0.000322;0.067339;0.000000;-0.001336;-0.028181;0.000000;
46;9.48899;0.942271;0.029227;0.999342;0.021480;0.792414;0.986160;-0.032337;0.162614;2.099542;0.163202;0.016430;-0.986456;0.183911;0.029012;0.999347;0.021560;0.792594;0.985427;-0.032211;0.167019;2.098416;0.167604;0.016400;-0.985718;0.183721;-0.016617;-0.000000;-0.000000;0.001373;0.000000;0.000000;-0.000322;0.067339;0.000000;-0.000000;-0.000000;-0.000000;
47;9.54156;0.944975;0.029114;0.999343;0.021604;0.792369;0.985493;-0.032312;0.166611;2.098558;0.167200;0.016439;-0.985786;0.183723;0.028924;0.999346;0.021713;0.792565;0.984739;-0.032217;0.171028;2.097439;0.171616;0.016435;-0.985027;0.183555;-0.016535;-0.000000;-0.000000;0.001365;0.000000;0.000000;-0.000586;0.067854;0.000000;-0.004397;0.008574;0.000000;
48;9.60157;0.944975;0.029030;0.999342;0.021760;0.792400;0.984809;-0.032323;0.170605;2.097561;0.171196;0.016476;-0.985099;0.183578;0.028835;0.999345;0.021866;0.792537;0.984035;-0.032223;0.175035;2.096467;0.175624;0.016469;-0.984319;0.183386;-0.016453;-0.000000;-0.000000;0.001358;-0.000000;0.000000;-0.000586;0.067854;0.000000;-0.000000;-0.000000;-0.000000;
49;9.66178;0.939934;0.028882;0.999342;0.021948;0.792429;0.984122;-0.032276;0.174535;2.096582;0.175129;0.016558;-0.984406;0.183445;0.028744;0.999344;0.022020;0.792508;0.983300;-0.032230;0.179117;2.095500;0.179709;0.016504;-0.983581;0.183213;-0.016372;-0.000000;-0.000000;0.001350;0.000000;0.000000;-0.000578;0.069186;0.000000;0.000124;0.022213;0.000000;
50;9.72153;0.942777;0.028767;0.999342;0.022083;0.792444;0.983373;-0.032256;0.178709;2.095673;0.179303;0.016575;-0.983654;0.183262;0.028652;0.999344;0.022148;0.792480;0.982542;-0.032231;0.183225;2.094539;0.183819;0.016511;-0.982821;0.183037;-0.016292;-0.000000;-0.000000;0.001343;0.000000;0.000000;-0.000128;0.069667;0.000000;0.007514;0.008003;-0.000000;
51;9.7816;0.937439;0.028657;0.999342;0.022244;0.792467;0.982614;-0.032247;0.182838;2.094709;0.183435;0.016618;-0.982891;0.183100;0.028561;0.999344;0.022257;0.792452;0.981785;-0.032230;0.187242;2.093583;0.187836;0.016504;-0.982062;0.182859;-0.016212;-0.000000;-0.000000;0.001335;-0.000000;0.000000;0.000128;0.068157;0.000000;0.004252;-0.025166;-0.000000;
52;9.84387;0.945395;0.028524;0.999342;0.022389;0.792451;0.981853;-0.032212;0.186887;2.093752;0.187485;0.016652;-0.982126;0.182910;0.028470;0.999345;0.022359;0.792425;0.981012;-0.032227;0.191249;2.092633;0.191844;0.016489;-0.981287;0.182677;-0.016132;-0.000000;-0.000000;0.001327;0.000000;0.000000;0.000241;0.068047;0.000000;0.001896;-0.001831;-0.000000;
53;9.91704;0.938339;0.028272;0.999348;0.022448;0.792428;0.981138;-0.032039;0.190637;2.092832;0.191232;0.016635;-0.981404;0.182709;0.028380;0.999345;0.022439;0.792397;0.980234;-0.032220;0.195198;2.091688;0.195793;0.016456;-0.980507;0.182492;-0.016053;-0.000000;-0.000000;0.001320;0.000000;0.000000;0.000566;0.067098;0.000000;0.005417;-0.015810;-0.000000;
54;9.97698;0.941677;0.028375;0.999343;0.022559;0.792414;0.980304;-0.032233;0.194847;2.091854;0.195446;0.016586;-0.980574;0.182540;0.028291;0.999346;0.022517;0.792370;0.979450;-0.032213;0.199098;2.090748;0.199694;0.016422;-0.979721;0.182304;-0.015974;-0.000000;-0.000000;0.001312;-0.000000;0.000000;0.000580;0.066320;0.000000;0.000225;-0.012964;-0.000000;
55;10.0409;0.941677;0.028314;0.999343;0.022630;0.792379;0.979506;-0.032254;0.198815;2.090894;0.199415;0.016537;-0.979776;0.182389;0.028201;0.999347;0.022595;0.792343;0.978650;-0.032206;0.202995;2.089814;0.203590;0.016388;-0.978919;0.182114;-0.015896;-0.000000;-0.000000;0.001305;-0.000000;0.000000;0.000580;0.066320;0.000000;-0.000000;0.000000;-0.000000;
56;10.1212;0.941677;0.028196;0.999345;0.022701;0.792355;0.978719;-0.032218;0.202662;2.089945;0.203261;0.016504;-0.978986;0.182169;0.028111;0.999348;0.022672;0.792316;0.977834;-0.032199;0.206889;2.088885;0.207484;0.016354;-0.978102;0.181921;-0.015818;-0.000000;-0.000000;0.001297;0.000000;0.000000;0.000580;0.066320;0.000000;-0.000000;-0.000000;-0.000000;
57;10.1735;0.942941;0.027933;0.999352;0.022702;0.792311;0.978035;-0.032016;0.205970;2.089052;0.206563;0.016450;-0.978295;0.181925;0.028020;0.999348;0.022749;0.792290;0.976996;-0.032192;0.210815;2.087962;0.211410;0.016319;-0.977261;0.181725;-0.015740;-0.000000;-0.000000;0.001290;-0.000000;0.000000;0.000592;0.066919;0.000000;0.000201;0.009974;0.000000;
58;10.2335;0.942941;0.028090;0.999345;0.022826;0.792296;0.977097;-0.032269;0.210333;2.088076;0.210932;0.016395;-0.977363;0.181759;0.027928;0.999349;0.022826;0.792264;0.976141;-0.032184;0.214737;2.087044;0.215332;0.016284;-0.976405;0.181526;-0.015663;-0.000000;-0.000000;0.001283;0.000000;0.000000;0.000592;0.066919;0.000000;-0.000000;0.000000;-0.000000;
59;10.2935;0.942941;0.027870;0.999348;0.022936;0.792292;0.976218;-0.032146;0.214393;2.087213;0.214991;0.016415;-0.976478;0.181606;0.027836;0.999350;0.022903;0.792237;0.975271;-0.032177;0.218656;2.086131;0.219250;0.016250;-0.975533;0.181325;-0.015587;-0.000000;-0.000000;0.001275;-0.000000;0.000000;0.000592;0.066919;0.000000;-0.000000;0.000000;0.000000;
60;10.3587;0.945478;0.027813;0.999349;0.022968;0.792275;0.975361;-0.032162;0.218258;2.086282;0.218855;0.016332;-0.975621;0.181375;0.027741;0.999350;0.023009;0.792211;0.974360;-0.032175;0.222682;2.085223;0.223277;0.016242;-0.974620;0.181121;-0.015511;-0.000000;-0.000000;0.001268;0.000000;0.000000;0.000137;0.068828;0.000000;-0.007574;0.031823;0.000000;
61;10.4136;0.945478;0.027700;0.999350;0.023071;0.792233;0.974481;-0.032140;0.222156;2.085355;0.222753;0.016328;-0.974738;0.181155;0.027646;0.999350;0.023115;0.792186;0.973432;-0.032173;0.226704;2.084321;0.227300;0.016234;-0.973689;0.180914;-0.015435;-0.000000;-0.000000;0.001261;0.000000;0.000000;0.000137;0.068828;0.000000;-0.000000;0.000000;-0.000000;
62;10.4736;0.948995;0.027654;0.999348;0.023220;0.792221;0.973505;-0.032199;0.226388;2.084474;0.226988;0.016344;-0.973760;0.180943;0.027548;0.999351;0.023225;0.792160;0.972462;-0.032171;0.230829;2.083424;0.231426;0.016227;-0.972717;0.180704;-0.015360;-0.000000;-0.000000;0.001253;-0.000000;0.000000;0.000115;0.070656;0.000000;-0.000372;0.030465;0.000000;
63;10.5336;0.944169;0.027504;0.999349;0.023335;0.792206;0.972541;-0.032148;0.230502;2.083589;0.231102;0.016354;-0.972792;0.180777;0.027448;0.999351;0.023346;0.792135;0.971461;-0.032172;0.235007;2.082532;0.235605;0.016229;-0.971713;0.180492;-0.015285;-0.000000;-0.000000;0.001246;0.000000;0.000000;-0.000038;0.071645;0.000000;-0.002545;0.016476;0.000000;
64;10.5935;0.944169;0.027460;0.999348;0.023460;0.792179;0.971560;-0.032203;0.234593;2.082638;0.235195;0.016351;-0.971811;0.180554;0.027347;0.999351;0.023466;0.792110;0.970442;-0.032172;0.239181;2.081645;0.239780;0.016231;-0.970692;0.180277;-0.015211;-0.000000;-0.000000;0.001239;-0.000000;0.000000;-0.000038;0.071645;0.000000;-0.000000;0.000000;-0.000000;
65;10.6535;0.943304;0.027373;0.999347;0.023573;0.792156;0.970553;-0.032216;0.238723;2.081739;0.239327;0.016344;-0.970802;0.180334;0.027245;0.999351;0.023555;0.792085;0.969388;-0.032165;0.243416;2.080764;0.244016;0.016202;-0.969636;0.180059;-0.015137;-0.000000;-0.000000;0.001231;0.000000;0.000000;0.000501;0.072766;0.000000;0.008984;0.018690;-0.000000;
66;10.7135;0.948802;0.027233;0.999348;0.023703;0.792117;0.969475;-0.032185;0.243069;2.080896;0.243673;0.016360;-0.969719;0.180092;0.027140;0.999351;0.023667;0.792061;0.968303;-0.032163;0.247700;2.079888;0.248301;0.016195;-0.968548;0.179839;-0.015064;-0.000000;-0.000000;0.001224;0.000000;0.000000;0.000130;0.073690;0.000000;-0.006185;0.015405;0.000000;
67;10.7737;0.948825;0.027147;0.999349;0.023772;0.792070;0.968440;-0.032187;0.247160;2.079978;0.247764;0.016312;-0.968683;0.179886;0.027038;0.999352;0.023752;0.792036;0.967226;-0.032155;0.251874;2.079017;0.252474;0.016163;-0.967469;0.179615;-0.014991;-0.000000;-0.000000;0.001217;0.000000;0.000000;0.000544;0.071860;0.000000;0.006890;-0.030508;-0.000000;
68;10.8336;0.948825;0.026977;0.999350;0.023910;0.792068;0.967324;-0.032129;0.251500;2.079163;0.252104;0.016344;-0.967562;0.179678;0.026935;0.999353;0.023835;0.792012;0.966131;-0.032147;0.256043;2.078151;0.256643;0.016131;-0.966372;0.179389;-0.014918;-0.000000;-0.000000;0.001210;0.000000;0.000000;0.000544;0.071860;0.000000;-0.000000;-0.000000;-0.000000;
69;10.8935;0.949529;0.026972;0.999349;0.023975;0.792043;0.966207;-0.032213;0.255745;2.078325;0.256351;0.016267;-0.966447;0.179428;0.026833;0.999354;0.023924;0.791988;0.965023;-0.032140;0.260189;2.077290;0.260790;0.016106;-0.965261;0.179161;-0.014846;-0.000000;-0.000000;0.001202;-0.000000;0.000000;0.000442;0.071550;0.000000;-0.001689;-0.005167;0.000000;
70;10.9536;0.949529;0.026836;0.999352;0.023989;0.791999;0.965123;-0.032154;0.259816;2.077460;0.260419;0.016179;-0.965360;0.179174;0.026730;0.999354;0.024013;0.791964;0.963897;-0.032133;0.264330;2.076435;0.264931;0.016080;-0.964133;0.178930;-0.014774;-0.000000;-0.000000;0.001195;0.000000;0.000000;0.000442;0.071550;0.000000;-0.000000;-0.000000;-0.000000;
71;11.0178;0.946326;0.026754;0.999351;0.024111;0.791991;0.964032;-0.032174;0.263833;2.076580;0.264437;0.016186;-0.964267;0.178993;0.026627;0.999355;0.024089;0.791941;0.962757;-0.032123;0.268454;2.075585;0.269055;0.016044;-0.962991;0.178696;-0.014703;-0.000000;-0.000000;0.001188;0.000000;0.000000;0.000634;0.071326;0.000000;0.003186;-0.003737;-0.000000;
72;11.0775;0.947372;0.026689;0.999351;0.024187;0.791951;0.962894;-0.032201;0.267953;2.075709;0.268558;0.016139;-0.963128;0.178754;0.026525;0.999356;0.024163;0.791917;0.961613;-0.032113;0.272523;2.074739;0.273124;0.016007;-0.961846;0.178460;-0.014632;-0.000000;-0.000000;0.001181;0.000000;0.000000;0.000633;0.070468;0.000000;-0.000009;-0.014288;-0.000000;
73;11.1375;0.946123;0.026591;0.999353;0.024215;0.791920;0.961732;-0.032183;0.272096;2.074842;0.272699;0.016053;-0.961965;0.178489;0.026421;0.999357;0.024258;0.791894;0.960438;-0.032108;0.276636;2.073899;0.277237;0.015989;-0.960669;0.178221;-0.014562;-0.000000;-0.000000;0.001174;-0.000000;0.000000;0.000308;0.071315;0.000000;-0.005417;0.014114;0.000000;
74;11.1975;0.946123;0.026469;0.999354;0.024322;0.791912;0.960554;-0.032164;0.276227;2.074005;0.276831;0.016052;-0.960785;0.178260;0.026317;0.999357;0.024353;0.791871;0.959246;-0.032102;0.280744;2.073064;0.281345;0.015972;-0.959474;0.177980;-0.014492;-0.000000;-0.000000;0.001167;0.000000;0.000000;0.000308;0.071315;0.000000;-0.000000;0.000000;-0.000000;
75;11.2575;0.950756;0.026377;0.999354;0.024414;0.791887;0.959420;-0.032167;0.280141;2.073106;0.280745;0.016034;-0.959648;0.178023;0.026219;0.999358;0.024419;0.791848;0.958099;-0.032091;0.284633;2.072234;0.285233;0.015933;-0.958326;0.177737;-0.014422;-0.000000;-0.000000;0.001160;0.000000;0.000000;0.000673;0.067585;0.000000;0.006092;-0.062164;-0.000000;
76;11.3175;0.952405;0.026273;0.999354;0.024521;0.791878;0.958188;-0.032167;0.284326;2.072352;0.284931;0.016026;-0.958414;0.177796;0.026120;0.999359;0.024484;0.791826;0.956941;-0.032079;0.288505;2.071409;0.289105;0.015894;-0.957165;0.177491;-0.014353;-0.000000;-0.000000;0.001153;-0.000000;0.000000;0.000680;0.067373;0.000000;0.000111;-0.003549;-0.000000;
77;11.3775;0.952405;0.026147;0.999356;0.024571;0.791835;0.957038;-0.032126;0.288178;2.071550;0.288782;0.015980;-0.957261;0.177527;0.026021;0.999360;0.024548;0.791803;0.955767;-0.032067;0.292372;2.070589;0.292972;0.015855;-0.955990;0.177243;-0.014284;-0.000000;-0.000000;0.001146;0.000000;0.000000;0.000680;0.067373;0.000000;-0.000000;-0.000000;-0.000000;
78;11.4375;0.945028;0.026072;0.999357;0.024611;0.791807;0.955899;-0.032128;0.291933;2.070696;0.292536;0.015914;-0.956122;0.177267;0.025922;0.999361;0.024598;0.791781;0.954589;-0.032051;0.296196;2.069774;0.296795;0.015802;-0.954810;0.176993;-0.014216;-0.000000;-0.000000;0.001139;-0.000000;0.000000;0.000911;0.066702;0.000000;0.003852;-0.011175;-0.000000;
79;11.4974;0.952392;0.026037;0.999356;0.024691;0.791804;0.954733;-0.032180;0.295720;2.069864;0.296324;0.015874;-0.954956;0.177042;0.025825;0.999363;0.024634;0.791759;0.953416;-0.032032;0.299954;2.068963;0.300552;0.015740;-0.953635;0.176741;-0.014148;-0.000000;-0.000000;0.001132;0.000000;0.000000;0.001085;0.065617;0.000000;0.002889;-0.018077;-0.000000;
80;11.5575;0.955923;0.025933;0.999356;0.024782;0.791812;0.953485;-0.032175;0.299719;2.069118;0.300323;0.015857;-0.953706;0.176827;0.025727;0.999364;0.024687;0.791737;0.952211;-0.032017;0.303759;2.068158;0.304356;0.015693;-0.952429;0.176487;-0.014080;-0.000000;-0.000000;0.001125;-0.000000;0.000000;0.000832;0.066517;0.000000;-0.004205;0.014998;0.000000;
81;11.6176;0.955923;0.025832;0.999359;0.024795;0.791769;0.952348;-0.032143;0.303314;2.068257;0.303916;0.015778;-0.952568;0.176527;0.025628;0.999365;0.024740;0.791716;0.950991;-0.032002;0.307558;2.067357;0.308155;0.015645;-0.951208;0.176232;-0.014013;-0.000000;-0.000000;0.001119;0.000000;0.000000;0.000832;0.066517;0.000000;-0.000000;0.000000;0.000000;
82;11.6855;0.946081;0.025675;0.999362;0.024846;0.791742;0.951131;-0.032071;0.307119;2.067438;0.307719;0.015747;-0.951347;0.176245;0.025536;0.999367;0.024759;0.791694;0.949832;-0.031978;0.311123;2.066561;0.311718;0.015572;-0.950047;0.175974;-0.013946;-0.000000;-0.000000;0.001112;0.000000;0.000000;0.001283;0.062467;0.000000;0.007513;-0.067504;-0.000000;
83;11.7377;0.949464;0.025604;0.999362;0.024891;0.791695;0.949926;-0.032079;0.310823;2.066657;0.311423;0.015686;-0.950142;0.176058;0.025444;0.999369;0.024784;0.791673;0.948673;-0.031956;0.314640;2.065770;0.315233;0.015506;-0.948887;0.175714;-0.013880;-0.000000;-0.000000;0.001105;0.000000;0.000000;0.001160;0.061716;0.000000;-0.002054;-0.012509;0.000000;
84;11.7976;0.949464;0.025480;0.999365;0.024920;0.791699;0.948741;-0.032030;0.314427;2.065896;0.315025;0.015631;-0.948955;0.175770;0.025352;0.999371;0.024808;0.791652;0.947501;-0.031934;0.318153;2.064984;0.318745;0.015440;-0.947715;0.175453;-0.013814;-0.000000;-0.000000;0.001099;0.000000;0.000000;0.001160;0.061716;0.000000;-0.000000;0.000000;0.000000;
85;11.8576;0.954471;0.025360;0.999368;0.024916;0.791688;0.947599;-0.031971;0.317858;2.065091;0.318454;0.015550;-0.947811;0.175472;0.025259;0.999372;0.024852;0.791631;0.946299;-0.031918;0.321713;2.064203;0.322304;0.015392;-0.946511;0.175190;-0.013749;-0.000000;-0.000000;0.001092;0.000000;0.000000;0.000852;0.062625;0.000000;-0.005134;0.015148;0.000000;
86;11.9176;0.950232;0.025243;0.999370;0.024953;0.791652;0.946458;-0.031927;0.321243;2.064288;0.321838;0.015508;-0.946668;0.175247;0.025165;0.999373;0.024907;0.791610;0.945081;-0.031905;0.325274;2.063426;0.325865;0.015354;-0.945292;0.174925;-0.013684;-0.000000;-0.000000;0.001086;0.000000;0.000000;0.000665;0.062748;0.000000;-0.003122;0.002044;0.000000;
87;11.9776;0.950232;0.025102;0.999372;0.025003;0.791645;0.945205;-0.031871;0.324918;2.063553;0.325511;0.015477;-0.945411;0.174999;0.025071;0.999374;0.024962;0.791590;0.943850;-0.031892;0.328831;2.062653;0.329422;0.015316;-0.944059;0.174659;-0.013619;-0.000000;-0.000000;0.001079;0.000000;0.000000;0.000665;0.062748;0.000000;-0.000000;0.000000;-0.000000;
88;12.0409;0.947629;0.025025;0.999371;0.025107;0.791623;0.943943;-0.031892;0.328565;2.062796;0.329159;0.015478;-0.944148;0.174729;0.024978;0.999375;0.025029;0.791569;0.942617;-0.031883;0.332350;2.061886;0.332940;0.015291;-0.942824;0.174391;-0.013554;-0.000000;-0.000000;0.001073;0.000000;0.000000;0.000442;0.062149;0.000000;-0.003716;-0.009977;0.000000;
89;12.0976;0.948496;0.024926;0.999373;0.025157;0.791600;0.942733;-0.031871;0.332022;2.062007;0.332616;0.015441;-0.942936;0.174457;0.024886;0.999376;0.025086;0.791549;0.941386;-0.031871;0.335823;2.061123;0.336413;0.015258;-0.941591;0.174122;-0.013490;-0.000000;-0.000000;0.001066;0.000000;0.000000;0.000585;0.061433;0.000000;0.002396;-0.011943;-0.000000;
90;12.1577;0.948496;0.024869;0.999373;0.025198;0.791562;0.941515;-0.031888;0.335458;2.061241;0.336052;0.015381;-0.941718;0.174185;0.024793;0.999376;0.025142;0.791529;0.940142;-0.031859;0.339292;2.060364;0.339881;0.015225;-0.940345;0.173851;-0.013427;-0.000000;-0.000000;0.001060;0.000000;0.000000;0.000585;0.061433;0.000000;-0.000000;0.000000;-0.000000;
91;12.2175;0.951379;0.024761;0.999373;0.025296;0.791555;0.940225;-0.031877;0.339060;2.060503;0.339654;0.015388;-0.940425;0.173963;0.024704;0.999377;0.025192;0.791509;0.938929;-0.031846;0.342635;2.059611;0.343224;0.015190;-0.939131;0.173578;-0.013364;-0.000000;-0.000000;0.001053;0.000000;0.000000;0.000630;0.059281;0.000000;0.000748;-0.035866;-0.000000;
92;12.2775;0.951379;0.024670;0.999376;0.025280;0.791530;0.939035;-0.031841;0.342344;2.059737;0.342936;0.015293;-0.939234;0.173644;0.024614;0.999378;0.025242;0.791489;0.937704;-0.031833;0.345973;2.058861;0.346562;0.015154;-0.937905;0.173304;-0.013301;-0.000000;-0.000000;0.001047;-0.000000;0.000000;0.000630;0.059281;0.000000;-0.000000;0.000000;-0.000000;
93;12.3376;0.950858;0.024606;0.999377;0.025283;0.791495;0.937897;-0.031832;0.345451;2.058902;0.346041;0.015212;-0.938096;0.173329;0.024527;0.999380;0.025262;0.791470;0.936504;-0.031811;0.349211;2.058116;0.349798;0.015093;-0.936703;0.173029;-0.013238;-0.000000;-0.000000;0.001041;0.000000;0.000000;0.001091;0.057550;0.000000;0.007677;-0.028842;-0.000000;
94;12.3975;0.953613;0.024503;0.999378;0.025355;0.791488;0.936630;-0.031815;0.348873;2.058196;0.349463;0.015200;-0.936827;0.173086;0.024438;0.999381;0.025288;0.791450;0.935276;-0.031790;0.352488;2.057376;0.353073;0.015037;-0.935475;0.172752;-0.013176;-0.000000;-0.000000;0.001034;0.000000;0.000000;0.000992;0.058314;0.000000;-0.001640;0.012727;0.000000;
95;12.4577;0.951397;0.024412;0.999379;0.025401;0.791481;0.935391;-0.031800;0.352182;2.057459;0.352771;0.015162;-0.935587;0.172819;0.024351;0.999383;0.025314;0.791431;0.934058;-0.031769;0.355705;2.056640;0.356290;0.014982;-0.934255;0.172474;-0.013115;-0.000000;-0.000000;0.001028;0.000000;0.000000;0.000971;0.057341;0.000000;-0.000356;-0.016219;-0.000000;
96;12.5211;0.946661;0.024310;0.999381;0.025430;0.791473;0.934177;-0.031767;0.355393;2.056732;0.355981;0.015117;-0.934371;0.172529;0.024266;0.999385;0.025324;0.791412;0.932856;-0.031744;0.358849;2.055909;0.359432;0.014916;-0.933052;0.172195;-0.013053;-0.000000;-0.000000;0.001022;-0.000000;0.000000;0.001185;0.056089;0.000000;0.003561;-0.020857;-0.000000;
97;12.5776;0.946661;0.024191;0.999384;0.025434;0.791434;0.932972;-0.031708;0.358549;2.056013;0.359134;0.015055;-0.933164;0.172261;0.024181;0.999387;0.025335;0.791393;0.931643;-0.031718;0.361988;2.055181;0.362570;0.014850;-0.931838;0.171915;-0.012992;-0.000000;-0.000000;0.001016;0.000000;0.000000;0.001185;0.056089;0.000000;-0.000000;0.000000;0.000000;
98;12.6376;0.946782;0.024107;0.999386;0.025414;0.791397;0.931769;-0.031673;0.361667;2.055299;0.362250;0.014961;-0.931961;0.172000;0.024096;0.999388;0.025339;0.791374;0.930430;-0.031691;0.365097;2.054458;0.365677;0.014779;-0.930625;0.171634;-0.012932;-0.000000;-0.000000;0.001010;0.000000;0.000000;0.001266;0.055604;0.000000;0.001360;-0.008081;-0.000000;
99;12.6976;0.955772;0.024039;0.999387;0.025465;0.791404;0.930519;-0.031680;0.364870;2.054584;0.365453;0.014925;-0.930710;0.171703;0.024013;0.999391;0.025328;0.791356;0.929222;-0.031657;0.368163;2.053740;0.368741;0.014695;-0.929416;0.171351;-0.012872;-0.000000;-0.000000;0.001004;-0.000000;0.000000;0.001514;0.054908;0.000000;0.004135;-0.011600;-0.000000;
100;12.7577;0.953114;0.024023;0.999388;0.025436;0.791377;0.929328;-0.031703;0.367892;2.053834;0.368473;0.014801;-0.929521;0.171403;0.023928;0.999393;0.025339;0.791337;0.927993;-0.031632;0.371253;2.053026;0.371829;0.014631;-0.928186;0.171068;-0.012812;-0.000000;-0.000000;0.000998;0.000000;0.000000;0.001146;0.055419;0.000000;-0.006133;0.008516;0.000000;
101;12.8177;0.953100;0.023849;0.999391;0.025469;0.791354;0.928135;-0.031601;0.370900;2.053126;0.371479;0.014793;-0.928323;0.171155;0.023844;0.999395;0.025325;0.791319;0.926752;-0.031597;0.374342;2.052316;0.374916;0.014544;-0.926945;0.170784;-0.012752;-0.000000;-0.000000;0.000992;0.000000;0.000000;0.001553;0.055465;0.000000;0.006781;0.000766;-0.000000;
102;12.8776;0.957009;0.023779;0.999392;0.025497;0.791337;0.926849;-0.031597;0.374102;2.052429;0.374681;0.014736;-0.927037;0.170885;0.023759;0.999397;0.025338;0.791301;0.925486;-0.031572;0.377465;2.051610;0.378037;0.014482;-0.925677;0.170498;-0.012693;-0.000000;-0.000000;0.000986;-0.000000;0.000000;0.001115;0.056155;0.000000;-0.007306;0.011501;0.000000;
103;12.9375;0.952568;0.023686;0.999394;0.025509;0.791347;0.925574;-0.031566;0.377247;2.051730;0.377824;0.014675;-0.925761;0.170585;0.023675;0.999399;0.025326;0.791283;0.924224;-0.031537;0.380546;2.050908;0.381116;0.014398;-0.924415;0.170211;-0.012634;-0.000000;-0.000000;0.000980;-0.000000;0.000000;0.001520;0.055466;0.000000;0.006746;-0.011493;-0.000000;
104;12.9975;0.952568;0.023675;0.999396;0.025431;0.791328;0.924336;-0.031574;0.380272;2.051001;0.380845;0.014504;-0.924525;0.170265;0.023590;0.999401;0.025314;0.791265;0.922953;-0.031502;0.383622;2.050211;0.384190;0.014314;-0.923143;0.169924;-0.012576;-0.000000;-0.000000;0.000974;0.000000;0.000000;0.001520;0.055466;0.000000;-0.000000;-0.000000;0.000000;
105;13.0615;0.953621;0.023560;0.999399;0.025427;0.791297;0.923134;-0.031512;0.383186;2.050275;0.383757;0.014444;-0.923321;0.169986;0.023508;0.999404;0.025288;0.791247;0.921707;-0.031463;0.386610;2.049518;0.387175;0.014220;-0.921897;0.169635;-0.012518;-0.000000;-0.000000;0.000969;0.000000;0.000000;0.001695;0.053931;0.000000;0.002918;-0.025587;-0.000000;
106;13.1215;0.954359;0.023503;0.999402;0.025382;0.791263;0.921820;-0.031490;0.386337;2.049597;0.386905;0.014317;-0.922009;0.169712;0.023427;0.999407;0.025253;0.791230;0.920461;-0.031421;0.389570;2.048829;0.390132;0.014118;-0.920651;0.169346;-0.012460;-0.000000;-0.000000;0.000963;-0.000000;0.000000;0.001838;0.053494;0.000000;0.002383;-0.007270;-0.000000;
107;13.1816;0.955096;0.023396;0.999402;0.025442;0.791272;0.920528;-0.031462;0.389407;2.048940;0.389975;0.014310;-0.920714;0.169418;0.023343;0.999408;0.025272;0.791212;0.919161;-0.031397;0.392628;2.048144;0.393189;0.014064;-0.919350;0.169056;-0.012402;-0.000000;-0.000000;0.000957;0.000000;0.000000;0.000983;0.055381;0.000000;-0.014245;0.031449;0.000000;
108;13.2416;0.954720;0.023297;0.999406;0.025400;0.791227;0.919283;-0.031401;0.392342;2.048245;0.392906;0.014210;-0.919469;0.169135;0.023259;0.999410;0.025285;0.791195;0.917848;-0.031372;0.395691;2.047463;0.396250;0.014004;-0.918036;0.168764;-0.012345;-0.000000;-0.000000;0.000951;0.000000;0.000000;0.001083;0.055538;0.000000;0.001665;0.002615;-0.000000;
109;13.3016;0.954302;0.023240;0.999408;0.025386;0.791234;0.918003;-0.031389;0.395328;2.047545;0.395891;0.014117;-0.918189;0.168853;0.023175;0.999411;0.025298;0.791178;0.916524;-0.031346;0.398750;2.046786;0.399308;0.013945;-0.916711;0.168472;-0.012289;-0.000000;-0.000000;0.000946;-0.000000;0.000000;0.001071;0.055554;0.000000;-0.000206;0.000261;0.000000;
110;13.3616;0.956397;0.023146;0.999408;0.025460;0.791257;0.916612;-0.031381;0.398545;2.046920;0.399108;0.014112;-0.916795;0.168565;0.023091;0.999413;0.025326;0.791161;0.915192;-0.031327;0.401799;2.046113;0.402356;0.013900;-0.915378;0.168179;-0.012232;-0.000000;-0.000000;0.000940;0.000000;0.000000;0.000820;0.055452;0.000000;-0.004175;-0.001694;0.000000;
