message_number;message_time_s;ellipse_factor;prev_real_position_0_0;prev_real_position_0_1;prev_real_position_0_2;prev_real_position_0_3;prev_real_position_1_0;prev_real_position_1_1;prev_real_position_1_2;prev_real_position_1_3;prev_real_position_2_0;prev_real_position_2_1;prev_real_position_2_2;prev_real_position_2_3;np_0_0;np_0_1;np_0_2;np_0_3;np_1_0;np_1_1;np_1_2;np_1_3;np_2_0;np_2_1;np_2_2;np_2_3;velocity_0;velocity_1;velocity_2;acceleration_0;acceleration_1;acceleration_2;angular_velocity_0;angular_velocity_1;angular_velocity_2;angular_acceleration_0;angular_acceleration_1;angular_acceleration_2;
0;6.77779;0.937100;0.007910;0.999956;-0.005049;0.808277;0.999795;-0.008003;-0.018619;2.147744;-0.018658;-0.004900;-0.999814;0.431183;0.007913;0.999957;-0.004810;0.808268;0.999807;-0.007998;-0.017939;2.146664;-0.017977;-0.004667;-0.999828;0.431203;-0.018000;-0.000000;-0.000000;-0.300000;-0.000000;-0.000000;-0.003886;0.011353;0.000000;-0.064761;0.189225;0.000000;
1;6.83148;0.938899;0.008187;0.999954;-0.005057;0.808302;0.999793;-0.008280;-0.018590;2.147382;-0.018631;-0.004904;-0.999814;0.431183;0.007917;0.999959;-0.004484;0.808251;0.999823;-0.007993;-0.017042;2.144504;-0.017077;-0.004348;-0.999845;0.431242;-0.036000;-0.000000;-0.000000;-0.300000;-0.000000;-0.000000;-0.005317;0.014995;0.000000;-0.023859;0.060695;0.000000;
2;6.89014;0.937736;0.008446;0.999952;-0.005048;0.808381;0.999793;-0.008538;-0.018447;2.145609;-0.018490;-0.004891;-0.999817;0.431195;0.007921;0.999960;-0.004159;0.808234;0.999838;-0.007987;-0.016155;2.142282;-0.016187;-0.004030;-0.999861;0.431280;-0.037042;-0.000000;-0.000000;-0.017367;-0.000000;-0.000000;-0.005299;0.014841;0.000000;0.000310;-0.002562;-0.000000;
3;6.94986;0.935991;0.008756;0.999950;-0.004740;0.808496;0.999806;-0.008839;-0.017596;2.142899;-0.017637;-0.004585;-0.999834;0.431274;0.007925;0.999961;-0.003840;0.808216;0.999852;-0.007983;-0.015219;2.140071;-0.015249;-0.003719;-0.999877;0.431316;-0.036857;-0.000000;-0.000000;0.003086;0.000000;0.000000;-0.005189;0.015629;0.000000;0.001834;0.013127;-0.000000;
4;7.00986;0.932156;0.008574;0.999955;-0.004167;0.808579;0.999840;-0.008639;-0.015681;2.140596;-0.015717;-0.004032;-0.999868;0.431408;0.007929;0.999962;-0.003527;0.808199;0.999870;-0.007978;-0.014024;2.137871;-0.014051;-0.003416;-0.999895;0.431349;-0.036673;-0.000000;-0.000000;0.003071;0.000000;0.000000;-0.005059;0.019973;0.000000;0.002154;0.072401;-0.000000;
5;7.06975;0.920734;0.008440;0.999957;-0.003784;0.808640;0.999861;-0.008494;-0.014371;2.138300;-0.014402;-0.003662;-0.999890;0.431495;0.007935;0.999963;-0.003229;0.808181;0.999893;-0.007974;-0.012239;2.135682;-0.012264;-0.003132;-0.999920;0.431380;-0.036489;-0.000000;-0.000000;0.003056;0.000000;0.000000;-0.004729;0.029791;0.000000;0.005511;0.163627;-0.000000;
6;7.12974;0.920734;0.008337;0.999960;-0.003339;0.808567;0.999882;-0.008379;-0.012836;2.136079;-0.012864;-0.003231;-0.999912;0.431600;0.007941;0.999964;-0.002931;0.808164;0.999914;-0.007971;-0.010454;2.133504;-0.010477;-0.002848;-0.999941;0.431407;-0.036307;-0.000000;-0.000000;0.003040;0.000000;0.000000;-0.004729;0.029791;0.000000;-0.000000;-0.000000;-0.000000;
7;7.18975;0.929753;0.008190;0.999962;-0.003013;0.808442;0.999908;-0.008222;-0.010756;2.133867;-0.010781;-0.002925;-0.999938;0.431679;0.007948;0.999965;-0.002710;0.808147;0.999937;-0.007969;-0.007953;2.131337;-0.007974;-0.002647;-0.999965;0.431430;-0.036125;-0.000000;-0.000000;0.003025;0.000000;0.000000;-0.003357;0.041712;0.000000;0.022858;0.198689;-0.000000;
8;7.24969;0.929753;0.008163;0.999963;-0.002651;0.808337;0.999932;-0.008185;-0.008309;2.131655;-0.008330;-0.002583;-0.999962;0.431741;0.007956;0.999965;-0.002565;0.808130;0.999957;-0.007969;-0.004736;2.129180;-0.004756;-0.002528;-0.999985;0.431447;-0.035945;-0.000000;-0.000000;0.003010;0.000000;0.000000;-0.001986;0.053634;0.000000;0.022858;0.198689;-0.000000;
9;7.30978;0.929753;0.008061;0.999964;-0.002571;0.808272;0.999953;-0.008075;-0.005380;2.129481;-0.005401;-0.002528;-0.999982;0.431668;0.007965;0.999965;-0.002448;0.808113;0.999967;-0.007968;-0.001261;2.127034;-0.001281;-0.002438;-0.999996;0.431457;-0.035765;-0.000000;-0.000000;0.002995;0.000000;0.000000;-0.001492;0.057925;0.000000;0.008228;0.071520;-0.000000;
10;7.36985;0.935995;0.008047;0.999965;-0.002434;0.808202;0.999966;-0.008051;-0.001673;2.127299;-0.001693;-0.002420;-0.999996;0.431600;0.007975;0.999965;-0.002386;0.808096;0.999964;-0.007968;0.002931;2.124899;0.002912;-0.002410;-0.999993;0.431460;-0.035586;-0.000000;-0.000000;0.002980;-0.000000;0.000000;-0.000471;0.069881;0.000000;0.017012;0.199275;-0.000000;
11;7.44369;0.934722;0.008057;0.999965;-0.002380;0.808151;0.999965;-0.008052;0.002173;2.125153;0.002154;-0.002397;-0.999995;0.431561;0.007987;0.999965;-0.002356;0.808079;0.999939;-0.007968;0.007703;2.122775;0.007684;-0.002417;-0.999968;0.431454;-0.035408;-0.000000;-0.000000;0.002965;0.000000;0.000000;0.000121;0.079526;0.000000;0.009872;0.160745;-0.000000;
12;7.49606;0.938807;0.008004;0.999965;-0.002373;0.808100;0.999944;-0.007988;0.006896;2.123113;0.006877;-0.002428;-0.999973;0.431530;0.007998;0.999965;-0.002352;0.808062;0.999887;-0.007968;0.012752;2.120661;0.012733;-0.002454;-0.999916;0.431437;-0.035231;-0.000000;-0.000000;0.002951;0.000000;0.000000;0.000610;0.084157;0.000000;0.008152;0.077176;-0.000000;
13;7.5567;0.933801;0.007949;0.999966;-0.002336;0.808080;0.999897;-0.007921;0.011968;2.120951;0.011949;-0.002431;-0.999926;0.431488;0.008010;0.999965;-0.002345;0.808045;0.999811;-0.007967;0.017741;2.118558;0.017722;-0.002487;-0.999840;0.431411;-0.035055;-0.000000;-0.000000;0.002936;0.000000;0.000000;0.000553;0.083163;0.000000;-0.000953;-0.016564;0.000000;
14;7.63334;0.935246;0.007957;0.999966;-0.002328;0.808074;0.999820;-0.007916;0.017222;2.118868;0.017203;-0.002465;-0.999849;0.431465;0.008022;0.999965;-0.002345;0.808028;0.999713;-0.007967;0.022579;2.116466;0.022560;-0.002526;-0.999742;0.431373;-0.034880;-0.000000;-0.000000;0.002921;0.000000;0.000000;0.000647;0.080650;-0.000000;0.001562;-0.041874;-0.000000;
15;7.68617;0.943857;0.007887;0.999966;-0.002315;0.808054;0.999731;-0.007835;0.021840;2.116882;0.021821;-0.002487;-0.999759;0.431420;0.008033;0.999965;-0.002344;0.808012;0.999595;-0.007966;0.027323;2.114384;0.027304;-0.002563;-0.999624;0.431327;-0.034705;-0.000000;-0.000000;0.002906;0.000000;0.000000;0.000622;0.079087;-0.000000;-0.000412;-0.026051;0.000000;
16;7.74588;0.932546;0.007961;0.999966;-0.002302;0.808056;0.999613;-0.007896;0.026665;2.114703;0.026646;-0.002513;-0.999642;0.431369;0.008044;0.999965;-0.002356;0.807995;0.999458;-0.007964;0.031955;2.112313;0.031935;-0.002612;-0.999487;0.431270;-0.034532;-0.000000;-0.000000;0.002891;-0.000000;0.000000;0.000811;0.077229;-0.000000;0.003159;-0.030974;-0.000000;
17;7.80588;0.934617;0.008000;0.999965;-0.002269;0.808031;0.999473;-0.007925;0.031487;2.112621;0.031468;-0.002519;-0.999502;0.431319;0.008054;0.999965;-0.002354;0.807978;0.999300;-0.007963;0.036558;2.110252;0.036538;-0.002647;-0.999329;0.431204;-0.034359;-0.000000;-0.000000;0.002876;0.000000;0.000000;0.000592;0.076758;-0.000000;-0.003650;-0.007846;0.000000;
18;7.867;0.933737;0.008026;0.999965;-0.002212;0.808002;0.999311;-0.007941;0.036248;2.110521;0.036229;-0.002501;-0.999340;0.431209;0.008065;0.999965;-0.002358;0.807962;0.999125;-0.007961;0.041048;2.108202;0.041028;-0.002687;-0.999154;0.431129;-0.034188;-0.000000;-0.000000;0.002862;0.000000;0.000000;0.000673;0.074890;-0.000000;0.001346;-0.031137;-0.000000;
19;7.92585;0.938065;0.008098;0.999965;-0.002134;0.807984;0.999135;-0.008005;0.040803;2.108457;0.040785;-0.002462;-0.999165;0.431170;0.008075;0.999965;-0.002359;0.807945;0.998937;-0.007960;0.045408;2.106163;0.045387;-0.002723;-0.998966;0.431045;-0.034017;-0.000000;-0.000000;0.002847;0.000000;0.000000;0.000596;0.072720;-0.000000;-0.001293;-0.036167;0.000000;
20;7.98598;0.933002;0.008105;0.999965;-0.002035;0.807961;0.998940;-0.008005;0.045336;2.106402;0.045319;-0.002400;-0.998970;0.431149;0.008085;0.999965;-0.002351;0.807929;0.998736;-0.007959;0.049624;2.104135;0.049604;-0.002749;-0.998765;0.430953;-0.033847;-0.000000;-0.000000;0.002832;0.000000;0.000000;0.000438;0.070357;0.000000;-0.002622;-0.039387;0.000000;
21;8.04594;0.933002;0.008096;0.999965;-0.001942;0.807938;0.998724;-0.007989;0.049868;2.104391;0.049850;-0.002344;-0.998754;0.431093;0.008095;0.999964;-0.002343;0.807913;0.998518;-0.007957;0.053840;2.102116;0.053820;-0.002776;-0.998547;0.430853;-0.033678;-0.000000;-0.000000;0.002818;0.000000;0.000000;0.000438;0.070357;0.000000;-0.000000;0.000000;-0.000000;
22;8.10597;0.933002;0.008076;0.999965;-0.002054;0.807919;0.998526;-0.007954;0.053684;2.102397;0.053666;-0.002485;-0.998556;0.430874;0.008105;0.999964;-0.002335;0.807896;0.998282;-0.007956;0.058055;2.100109;0.058034;-0.002802;-0.998311;0.430745;-0.033510;-0.000000;-0.000000;0.002803;0.000000;0.000000;0.000438;0.070357;0.000000;-0.000000;-0.000000;-0.000000;
23;8.16943;0.936453;0.008120;0.999965;-0.002159;0.807900;0.998304;-0.007982;0.057664;2.100377;0.057644;-0.002623;-0.998334;0.430725;0.008114;0.999964;-0.002360;0.807880;0.998045;-0.007952;0.061994;2.098112;0.061973;-0.002858;-0.998074;0.430629;-0.033342;-0.000000;-0.000000;0.002788;-0.000000;0.000000;0.000936;0.065760;-0.000000;0.008292;-0.076615;-0.000000;
24;8.26179;0.935244;0.008092;0.999965;-0.002209;0.807876;0.998059;-0.007940;0.061765;2.098393;0.061745;-0.002705;-0.998088;0.430619;0.008124;0.999964;-0.002379;0.807864;0.997791;-0.007949;0.065958;2.096125;0.065937;-0.002910;-0.997820;0.430505;-0.033176;-0.000000;-0.000000;0.002774;0.000000;0.000000;0.000867;0.066201;-0.000000;-0.001140;0.007353;0.000000;
25;8.31399;0.935244;0.007851;0.999966;-0.002320;0.807854;0.997863;-0.007684;0.064882;2.096647;0.064862;-0.002824;-0.997890;0.430503;0.008133;0.999964;-0.002399;0.807848;0.997521;-0.007946;0.069921;2.094149;0.069900;-0.002962;-0.997550;0.430375;-0.033010;-0.000000;-0.000000;0.002759;0.000000;0.000000;0.000867;0.066201;-0.000000;0.000000;0.000000;-0.000000;
26;8.37377;0.935244;0.008267;0.999963;-0.002369;0.807826;0.997546;-0.008083;0.069539;2.094398;0.069518;-0.002938;-0.997576;0.430385;0.008143;0.999964;-0.002419;0.807832;0.997235;-0.007942;0.073883;2.092183;0.073861;-0.003014;-0.997264;0.430237;-0.032846;-0.000000;-0.000000;0.002745;-0.000000;0.000000;0.000867;0.066201;-0.000000;0.000000;-0.000000;-0.000000;
27;8.43386;0.940650;0.008233;0.999963;-0.002394;0.807797;0.997263;-0.008035;0.073496;2.092440;0.073474;-0.002993;-0.997293;0.430286;0.008152;0.999964;-0.002423;0.807816;0.996933;-0.007939;0.077859;2.090227;0.077837;-0.003051;-0.996961;0.430092;-0.032682;-0.000000;-0.000000;0.002730;0.000000;0.000000;0.000615;0.066448;-0.000000;-0.004200;0.004121;0.000000;
28;8.49374;0.940650;0.008266;0.999963;-0.002417;0.807764;0.996975;-0.008054;0.077310;2.090482;0.077287;-0.003049;-0.997004;0.430154;0.008162;0.999964;-0.002428;0.807800;0.996614;-0.007936;0.081833;2.088282;0.081811;-0.003087;-0.996643;0.429940;-0.032519;-0.000000;-0.000000;0.002716;-0.000000;0.000000;0.000615;0.066448;-0.000000;0.000000;0.000000;-0.000000;
29;8.55376;0.940650;0.008300;0.999963;-0.002398;0.807727;0.996662;-0.008078;0.081244;2.088550;0.081221;-0.003064;-0.996691;0.429990;0.008172;0.999964;-0.002432;0.807784;0.996280;-0.007933;0.085806;2.086347;0.085784;-0.003124;-0.996309;0.429781;-0.032357;-0.000000;-0.000000;0.002702;0.000000;0.000000;0.000615;0.066448;-0.000000;0.000000;-0.000000;-0.000000;
30;8.61378;0.940419;0.008348;0.999962;-0.002407;0.807686;0.996322;-0.008113;0.085300;2.086610;0.085278;-0.003110;-0.996352;0.429818;0.008181;0.999964;-0.002392;0.807768;0.995939;-0.007934;0.089679;2.084423;0.089657;-0.003116;-0.995968;0.429616;-0.032196;-0.000000;-0.000000;0.002687;0.000000;0.000000;-0.000138;0.064803;0.000000;-0.012555;-0.027420;0.000000;
31;8.67376;0.940419;0.008282;0.999963;-0.002407;0.807642;0.995984;-0.008034;0.089172;2.084715;0.089149;-0.003136;-0.996013;0.429657;0.008190;0.999964;-0.002352;0.807753;0.995583;-0.007934;0.093551;2.082509;0.093529;-0.003108;-0.995612;0.429443;-0.032035;-0.000000;-0.000000;0.002673;0.000000;0.000000;-0.000138;0.064803;0.000000;-0.000000;0.000000;-0.000000;
32;8.73377;0.940419;0.008229;0.999963;-0.002337;0.807593;0.995628;-0.007976;0.093062;2.082783;0.093040;-0.003093;-0.995658;0.429506;0.008199;0.999964;-0.002312;0.807737;0.995212;-0.007935;0.097421;2.080605;0.097399;-0.003099;-0.995241;0.429265;-0.031876;-0.000000;-0.000000;0.002659;0.000000;0.000000;-0.000138;0.064803;0.000000;-0.000000;0.000000;-0.000000;
33;8.79389;0.941103;0.008261;0.999963;-0.002304;0.807540;0.995259;-0.007999;0.096932;2.080888;0.096910;-0.003094;-0.995288;0.429297;0.008208;0.999964;-0.002274;0.807721;0.994831;-0.007936;0.101230;2.078711;0.101208;-0.003093;-0.994860;0.429079;-0.031717;-0.000000;-0.000000;0.002645;0.000000;0.000000;-0.000112;0.063805;0.000000;0.000434;-0.016627;-0.000000;
34;8.8539;0.936943;0.008284;0.999963;-0.002307;0.807500;0.994895;-0.008010;0.100598;2.078974;0.100576;-0.003129;-0.994924;0.429090;0.008217;0.999964;-0.002226;0.807706;0.994422;-0.007937;0.105178;2.076827;0.105156;-0.003077;-0.994451;0.428888;-0.031559;-0.000000;-0.000000;0.002630;-0.000000;0.000000;-0.000257;0.066153;0.000000;-0.002422;0.039129;0.000000;
35;8.91397;0.938532;0.008212;0.999964;-0.002247;0.807449;0.994473;-0.007931;0.104689;2.077096;0.104667;-0.003095;-0.994502;0.428896;0.008226;0.999964;-0.002183;0.807690;0.993996;-0.007939;0.109128;2.074953;0.109107;-0.003068;-0.994025;0.428689;-0.031402;-0.000000;-0.000000;0.002616;-0.000000;0.000000;-0.000160;0.066226;0.000000;0.001623;0.001214;-0.000000;
36;8.97447;0.936416;0.008290;0.999963;-0.002201;0.807429;0.994063;-0.008002;0.108515;2.075190;0.108494;-0.003087;-0.994092;0.428738;0.008234;0.999964;-0.002137;0.807675;0.993559;-0.007940;0.113040;2.073090;0.113019;-0.003054;-0.993588;0.428485;-0.031246;-0.000000;-0.000000;0.002602;0.000000;0.000000;-0.000240;0.065600;0.000000;-0.001338;-0.010435;0.000000;
37;9.0338;0.940131;0.008248;0.999964;-0.002173;0.807482;0.993617;-0.007951;0.112524;2.073326;0.112503;-0.003087;-0.993647;0.428497;0.008242;0.999964;-0.002086;0.807660;0.993119;-0.007942;0.116841;2.071236;0.116820;-0.003035;-0.993148;0.428274;-0.031091;-0.000000;-0.000000;0.002588;0.000000;0.000000;-0.000319;0.063785;0.000000;-0.001311;-0.030247;0.000000;
38;9.0938;0.943322;0.008267;0.999964;-0.002114;0.807514;0.993186;-0.007966;0.116266;2.071462;0.116245;-0.003061;-0.993216;0.428286;0.008250;0.999964;-0.002051;0.807644;0.992671;-0.007943;0.120589;2.069393;0.120569;-0.003031;-0.992700;0.428057;-0.030936;-0.000000;-0.000000;0.002574;-0.000000;0.000000;-0.000058;0.062919;0.000000;0.004343;-0.014437;-0.000000;
39;9.15391;0.938471;0.008263;0.999964;-0.002069;0.807524;0.992739;-0.007955;0.120027;2.069642;0.120006;-0.003045;-0.992768;0.428101;0.008258;0.999964;-0.002026;0.807629;0.992212;-0.007942;0.124304;2.067559;0.124283;-0.003036;-0.992242;0.427835;-0.030783;-0.000000;-0.000000;0.002560;0.000000;0.000000;0.000088;0.062377;0.000000;0.002439;-0.009031;-0.000000;
40;9.21374;0.938471;0.008223;0.999964;-0.001975;0.807567;0.992255;-0.007914;0.123968;2.067821;0.123948;-0.002979;-0.992284;0.427895;0.008265;0.999964;-0.002000;0.807614;0.991740;-0.007941;0.128016;2.065736;0.127996;-0.003042;-0.991770;0.427606;-0.030630;-0.000000;-0.000000;0.002546;0.000000;0.000000;0.000088;0.062377;0.000000;-0.000000;0.000000;-0.000000;
41;9.274;0.940814;0.008193;0.999964;-0.001980;0.807564;0.991806;-0.007874;0.127507;2.065992;0.127487;-0.003009;-0.991836;0.427684;0.008273;0.999964;-0.002000;0.807599;0.991257;-0.007937;0.131704;2.063922;0.131683;-0.003072;-0.991287;0.427372;-0.030478;-0.000000;-0.000000;0.002533;0.000000;0.000000;0.000510;0.061983;-0.000000;0.007030;-0.006557;-0.000000;
42;9.33395;0.942385;0.008249;0.999964;-0.002013;0.807579;0.991326;-0.007913;0.131189;2.064171;0.131168;-0.003078;-0.991355;0.427403;0.008280;0.999964;-0.002019;0.807584;0.990759;-0.007931;0.135405;2.062119;0.135384;-0.003122;-0.990788;0.427132;-0.030327;-0.000000;-0.000000;0.002519;0.000000;0.000000;0.000840;0.062235;-0.000000;0.005507;0.004196;-0.000000;
43;9.39394;0.942385;0.008196;0.999964;-0.002021;0.807591;0.990830;-0.007849;0.134888;2.062368;0.134868;-0.003108;-0.990859;0.427118;0.008288;0.999964;-0.002039;0.807569;0.990246;-0.007924;0.139104;2.060325;0.139083;-0.003172;-0.990276;0.426887;-0.030177;-0.000000;-0.000000;0.002505;0.000000;0.000000;0.000840;0.062235;-0.000000;0.000000;-0.000000;-0.000000;
44;9.45384;0.942385;0.008202;0.999964;-0.002038;0.807561;0.990322;-0.007841;0.138568;2.060566;0.138547;-0.003155;-0.990351;0.426944;0.008296;0.999963;-0.002058;0.807554;0.989720;-0.007917;0.142801;2.058541;0.142780;-0.003222;-0.989749;0.426637;-0.030027;-0.000000;-0.000000;0.002491;-0.000000;0.000000;0.000840;0.062235;-0.000000;0.000000;0.000000;-0.000000;
45;9.51389;0.935889;0.008257;0.999964;-0.002141;0.807536;0.989808;-0.007868;0.142190;2.058773;0.142168;-0.003293;-0.989837;0.426678;0.008304;0.999963;-0.002105;0.807539;0.989166;-0.007905;0.146589;2.056766;0.146567;-0.003299;-0.989195;0.426381;-0.029878;-0.000000;-0.000000;0.002478;0.000000;0.000000;0.001305;0.063799;-0.000000;0.007744;0.026066;-0.000000;
46;9.57392;0.935889;0.008304;0.999963;-0.002078;0.807521;0.989234;-0.007911;0.146128;2.056978;0.146106;-0.003269;-0.989264;0.426396;0.008312;0.999963;-0.002151;0.807524;0.988597;-0.007894;0.150375;2.055002;0.150353;-0.003377;-0.988627;0.426119;-0.029731;-0.000000;-0.000000;0.002464;0.000000;0.000000;0.001305;0.063799;-0.000000;0.000000;-0.000000;-0.000000;
47;9.63406;0.947352;0.008291;0.999963;-0.002099;0.807490;0.988675;-0.007883;0.149865;2.055211;0.149843;-0.003318;-0.988704;0.426194;0.008320;0.999963;-0.002185;0.807509;0.988037;-0.007884;0.154013;2.053247;0.153990;-0.003440;-0.988066;0.425852;-0.029583;-0.000000;-0.000000;0.002451;0.000000;0.000000;0.001069;0.061339;-0.000000;-0.003933;-0.041006;0.000000;
48;9.69414;0.935751;0.008241;0.999963;-0.002273;0.807483;0.988142;-0.007795;0.153348;2.053478;0.153324;-0.003509;-0.988170;0.425861;0.008328;0.999963;-0.002208;0.807495;0.987466;-0.007876;0.157635;2.051502;0.157611;-0.003493;-0.987495;0.425580;-0.029437;-0.000000;-0.000000;0.002437;-0.000000;0.000000;0.000886;0.061096;-0.000000;-0.003048;-0.004055;0.000000;
49;9.75397;0.937232;0.008277;0.999963;-0.002265;0.807484;0.987545;-0.007818;0.157143;2.051735;0.157120;-0.003537;-0.987573;0.425627;0.008336;0.999963;-0.002252;0.807480;0.986902;-0.007864;0.161130;2.049767;0.161107;-0.003565;-0.986931;0.425303;-0.029292;-0.000000;-0.000000;0.002424;0.000000;0.000000;0.001225;0.059009;-0.000000;0.005648;-0.034773;-0.000000;
50;9.81847;0.936612;0.008253;0.999964;-0.002197;0.807480;0.986964;-0.007792;0.160751;2.050018;0.160728;-0.003495;-0.986993;0.425351;0.008344;0.999963;-0.002288;0.807465;0.986319;-0.007853;0.164659;2.048041;0.164635;-0.003630;-0.986348;0.425022;-0.029147;-0.000000;-0.000000;0.002410;0.000000;0.000000;0.001103;0.059595;-0.000000;-0.002033;0.009770;0.000000;
51;9.87395;0.939968;0.008274;0.999963;-0.002281;0.807496;0.986395;-0.007788;0.164207;2.048282;0.164183;-0.003608;-0.986423;0.425031;0.008352;0.999962;-0.002331;0.807451;0.985734;-0.007841;0.168125;2.046324;0.168100;-0.003702;-0.985763;0.424735;-0.029003;-0.000000;-0.000000;0.002397;0.000000;0.000000;0.001201;0.058582;-0.000000;0.001625;-0.016890;-0.000000;
52;9.93392;0.935798;0.008308;0.999963;-0.002421;0.807475;0.985837;-0.007785;0.167524;2.046557;0.167499;-0.003779;-0.985865;0.424732;0.008360;0.999962;-0.002375;0.807436;0.985118;-0.007829;0.171703;2.044617;0.171678;-0.003775;-0.985146;0.424444;-0.028860;-0.000000;-0.000000;0.002384;0.000000;0.000000;0.001240;0.060503;-0.000000;0.000651;0.032013;-0.000000;
53;10.0165;0.937858;0.008287;0.999963;-0.002369;0.807411;0.985207;-0.007759;0.171192;2.044852;0.171167;-0.003753;-0.985235;0.424446;0.008369;0.999962;-0.002425;0.807422;0.984487;-0.007815;0.175284;2.042920;0.175259;-0.003854;-0.984515;0.424148;-0.028718;-0.000000;-0.000000;0.002371;0.000000;0.000000;0.001344;0.060601;-0.000000;0.001738;0.001640;-0.000000;
54;10.0894;0.944317;0.008190;0.999964;-0.002329;0.807398;0.984604;-0.007658;0.174633;2.043259;0.174609;-0.003724;-0.984631;0.424233;0.008378;0.999962;-0.002454;0.807408;0.983835;-0.007804;0.178910;2.041232;0.178884;-0.003913;-0.983862;0.423848;-0.028577;-0.000000;-0.000000;0.002358;0.000000;0.000000;0.001000;0.061385;-0.000000;-0.005738;0.013067;0.000000;
55;10.1613;0.942547;0.008278;0.999963;-0.002370;0.807401;0.983952;-0.007723;0.178266;2.041540;0.178241;-0.003808;-0.983980;0.423944;0.008387;0.999962;-0.002496;0.807393;0.983201;-0.007791;0.182359;2.039553;0.182332;-0.003984;-0.983229;0.423543;-0.028436;-0.000000;-0.000000;0.002344;-0.000000;0.000000;0.001196;0.058436;-0.000000;0.003271;-0.049151;-0.000000;
56;10.2171;0.938181;0.008352;0.999962;-0.002448;0.807397;0.983320;-0.007768;0.181719;2.039829;0.181693;-0.003925;-0.983347;0.423601;0.008396;0.999962;-0.002510;0.807379;0.982547;-0.007783;0.185850;2.037884;0.185824;-0.004027;-0.982575;0.423233;-0.028296;-0.000000;-0.000000;0.002331;0.000000;0.000000;0.000727;0.059207;-0.000000;-0.007807;0.012852;0.000000;
57;10.2957;0.941075;0.008287;0.999963;-0.002486;0.807377;0.982704;-0.007684;0.185024;2.038226;0.184998;-0.003976;-0.982731;0.423312;0.008405;0.999961;-0.002524;0.807365;0.981887;-0.007775;0.189309;2.036224;0.189282;-0.004069;-0.981914;0.422919;-0.028157;-0.000000;-0.000000;0.002318;0.000000;0.000000;0.000717;0.058681;-0.000000;-0.000177;-0.008780;0.000000;
58;10.3573;0.938511;0.008498;0.999961;-0.002485;0.807353;0.981962;-0.007875;0.188916;2.036446;0.188889;-0.004046;-0.981990;0.422980;0.008414;0.999961;-0.002557;0.807351;0.981213;-0.007763;0.192772;2.034573;0.192745;-0.004131;-0.981240;0.422601;-0.028019;-0.000000;-0.000000;0.002305;0.000000;0.000000;0.001045;0.058796;-0.000000;0.005477;0.001931;-0.000000;
59;10.4214;0.945940;0.008459;0.999961;-0.002634;0.807353;0.981323;-0.007795;0.192209;2.034805;0.192181;-0.004210;-0.981350;0.422626;0.008422;0.999961;-0.002579;0.807337;0.980542;-0.007753;0.196158;2.032932;0.196130;-0.004181;-0.980569;0.422278;-0.027881;-0.000000;-0.000000;0.002293;0.000000;0.000000;0.000858;0.057519;-0.000000;-0.003116;-0.021289;0.000000;
60;10.4742;0.945940;0.008504;0.999960;-0.002617;0.807342;0.980650;-0.007828;0.195610;2.033173;0.195582;-0.004229;-0.980678;0.422306;0.008431;0.999961;-0.002602;0.807323;0.979859;-0.007743;0.199541;2.031300;0.199513;-0.004232;-0.979886;0.421952;-0.027744;-0.000000;-0.000000;0.002280;0.000000;0.000000;0.000858;0.057519;-0.000000;0.000000;0.000000;-0.000000;
61;10.5339;0.937999;0.008435;0.999961;-0.002540;0.807333;0.979939;-0.007760;0.199146;2.031550;0.199118;-0.004169;-0.979967;0.422004;0.008441;0.999961;-0.002604;0.807309;0.979146;-0.007736;0.203011;2.029677;0.202983;-0.004263;-0.979173;0.421621;-0.027608;-0.000000;-0.000000;0.002267;0.000000;0.000000;0.000537;0.059034;-0.000000;-0.005353;0.025247;0.000000;
62;10.5939;0.937999;0.008456;0.999961;-0.002599;0.807328;0.979262;-0.007754;0.202451;2.029908;0.202423;-0.004257;-0.979289;0.421659;0.008450;0.999961;-0.002606;0.807295;0.978421;-0.007730;0.206478;2.028063;0.206450;-0.004295;-0.978448;0.421287;-0.027473;-0.000000;-0.000000;0.002254;0.000000;0.000000;0.000537;0.059034;-0.000000;0.000000;-0.000000;-0.000000;
63;10.6539;0.940177;0.008481;0.999961;-0.002621;0.807312;0.978510;-0.007759;0.206054;2.028285;0.206026;-0.004313;-0.978537;0.421332;0.008459;0.999961;-0.002622;0.807281;0.977676;-0.007720;0.209977;2.026458;0.209949;-0.004340;-0.977703;0.420948;-0.027339;-0.000000;-0.000000;0.002242;0.000000;0.000000;0.000775;0.059628;-0.000000;0.003965;0.009898;-0.000000;
64;10.7293;0.938641;0.008455;0.999961;-0.002587;0.807291;0.977754;-0.007725;0.209611;2.026670;0.209582;-0.004302;-0.977782;0.421008;0.008468;0.999961;-0.002623;0.807267;0.976928;-0.007713;0.213431;2.024862;0.213403;-0.004370;-0.976955;0.420606;-0.027205;-0.000000;-0.000000;0.002229;-0.000000;0.000000;0.000514;0.058899;-0.000000;-0.004348;-0.012142;0.000000;
65;10.8024;0.938641;0.008369;0.999962;-0.002554;0.807279;0.977048;-0.007633;0.212881;2.025152;0.212853;-0.004277;-0.977075;0.420661;0.008478;0.999961;-0.002624;0.807253;0.976167;-0.007707;0.216883;2.023275;0.216854;-0.004400;-0.976194;0.420259;-0.027072;-0.000000;-0.000000;0.002216;-0.000000;0.000000;0.000514;0.058899;-0.000000;0.000000;0.000000;-0.000000;
66;10.8542;0.939682;0.008377;0.999962;-0.002556;0.807270;0.976311;-0.007627;0.216237;2.023562;0.216209;-0.004307;-0.976338;0.420299;0.008487;0.999961;-0.002634;0.807240;0.975400;-0.007698;0.220306;2.021697;0.220277;-0.004439;-0.975427;0.419908;-0.026940;-0.000000;-0.000000;0.002204;0.000000;0.000000;0.000663;0.058467;-0.000000;0.002485;-0.007195;-0.000000;
67;10.9255;0.941602;0.008555;0.999960;-0.002494;0.807235;0.975462;-0.007797;0.220031;2.021902;0.220003;-0.004315;-0.975490;0.419972;0.008496;0.999960;-0.002644;0.807226;0.974615;-0.007689;0.223758;2.020128;0.223728;-0.004478;-0.974641;0.419554;-0.026808;-0.000000;-0.000000;0.002191;0.000000;0.000000;0.000661;0.058996;-0.000000;-0.000045;0.008806;0.000000;
68;10.9802;0.946700;0.008529;0.999960;-0.002587;0.807204;0.974721;-0.007736;0.223292;2.020367;0.223263;-0.004426;-0.974748;0.419635;0.008506;0.999960;-0.002652;0.807213;0.973824;-0.007681;0.227174;2.018568;0.227144;-0.004514;-0.973851;0.419196;-0.026677;-0.000000;-0.000000;0.002179;0.000000;0.000000;0.000622;0.058437;-0.000000;-0.000638;-0.009308;0.000000;
69;11.0469;0.944228;0.008603;0.999959;-0.002734;0.807181;0.973957;-0.007760;0.226600;2.018777;0.226570;-0.004612;-0.973984;0.419238;0.008515;0.999960;-0.002671;0.807199;0.973030;-0.007670;0.230553;2.017017;0.230523;-0.004562;-0.973056;0.418834;-0.026547;-0.000000;-0.000000;0.002167;0.000000;0.000000;0.000821;0.057850;-0.000000;0.003306;-0.009796;-0.000000;
70;11.1171;0.940217;0.008536;0.999960;-0.002626;0.807172;0.973141;-0.007703;0.230080;2.017256;0.230050;-0.004520;-0.973168;0.418917;0.008524;0.999960;-0.002650;0.807185;0.972198;-0.007668;0.234035;2.015475;0.234005;-0.004571;-0.972225;0.418469;-0.026418;-0.000000;-0.000000;0.002154;-0.000000;0.000000;0.000147;0.059671;0.000000;-0.011234;0.030357;0.000000;
71;11.1699;0.942899;0.008477;0.999961;-0.002619;0.807186;0.972321;-0.007631;0.233526;2.015786;0.233497;-0.004527;-0.972347;0.418499;0.008534;0.999960;-0.002645;0.807172;0.971347;-0.007661;0.237540;2.013941;0.237511;-0.004597;-0.971374;0.418100;-0.026290;-0.000000;-0.000000;0.002142;0.000000;0.000000;0.000444;0.060117;-0.000000;0.004953;0.007428;-0.000000;
72;11.2335;0.942862;0.008601;0.999959;-0.002714;0.807195;0.971492;-0.007713;0.236947;2.014191;0.236917;-0.004674;-0.971519;0.418106;0.008543;0.999960;-0.002645;0.807159;0.970483;-0.007654;0.241049;2.012417;0.241019;-0.004626;-0.970509;0.417727;-0.026162;-0.000000;-0.000000;0.002130;-0.000000;0.000000;0.000506;0.060220;-0.000000;0.001035;0.001720;-0.000000;
73;11.2979;0.942862;0.008680;0.999959;-0.002755;0.807157;0.970618;-0.007763;0.240500;2.012646;0.240469;-0.004761;-0.970645;0.417716;0.008553;0.999960;-0.002644;0.807145;0.969606;-0.007647;0.244554;2.010901;0.244524;-0.004656;-0.969632;0.417350;-0.026035;-0.000000;-0.000000;0.002118;0.000000;0.000000;0.000506;0.060220;-0.000000;0.000000;-0.000000;-0.000000;
74;11.3499;0.942862;0.008637;0.999959;-0.002671;0.807136;0.969735;-0.007724;0.244038;2.011124;0.244007;-0.004698;-0.969762;0.417391;0.008562;0.999960;-0.002644;0.807132;0.968716;-0.007639;0.248056;2.009393;0.248026;-0.004685;-0.968742;0.416970;-0.025908;-0.000000;-0.000000;0.002106;0.000000;0.000000;0.000506;0.060220;-0.000000;0.000000;0.000000;-0.000000;
75;11.4099;0.943693;0.008609;0.999960;-0.002620;0.807127;0.968823;-0.007692;0.247636;2.009619;0.247606;-0.004670;-0.968850;0.417038;0.008572;0.999960;-0.002651;0.807119;0.967863;-0.007630;0.251363;2.007895;0.251333;-0.004721;-0.967889;0.416587;-0.025783;-0.000000;-0.000000;0.002093;0.000000;0.000000;0.000609;0.056923;-0.000000;0.001715;-0.054943;-0.000000;
76;11.4833;0.943693;0.008624;0.999959;-0.002686;0.807127;0.967991;-0.007674;0.250869;2.008085;0.250838;-0.004764;-0.968017;0.416617;0.008581;0.999960;-0.002658;0.807106;0.966999;-0.007621;0.254668;2.006405;0.254637;-0.004756;-0.967025;0.416200;-0.025658;-0.000000;-0.000000;0.002081;0.000000;0.000000;0.000609;0.056923;-0.000000;0.000000;0.000000;-0.000000;
77;11.5462;0.940768;0.008535;0.999960;-0.002636;0.807117;0.967142;-0.007585;0.254122;2.006659;0.254092;-0.004719;-0.967168;0.416259;0.008589;0.999960;-0.002664;0.807092;0.966146;-0.007612;0.257883;2.004923;0.257852;-0.004789;-0.966173;0.415810;-0.025534;-0.000000;-0.000000;0.002069;0.000000;0.000000;0.000563;0.055431;-0.000000;-0.000766;-0.024877;0.000000;
78;11.598;0.948878;0.008618;0.999959;-0.002742;0.807107;0.966328;-0.007622;0.257200;2.005117;0.257168;-0.004866;-0.966354;0.415834;0.008598;0.999959;-0.002674;0.807079;0.965282;-0.007602;0.261101;2.003450;0.261070;-0.004826;-0.965308;0.415416;-0.025410;-0.000000;-0.000000;0.002058;-0.000000;0.000000;0.000650;0.055532;-0.000000;0.001452;0.001690;-0.000000;
79;11.6579;0.948878;0.008603;0.999959;-0.002695;0.807088;0.965424;-0.007603;0.260574;2.003629;0.260543;-0.004843;-0.965450;0.415428;0.008607;0.999959;-0.002684;0.807066;0.964406;-0.007592;0.264316;2.001986;0.264285;-0.004864;-0.964432;0.415020;-0.025288;-0.000000;-0.000000;0.002046;0.000000;0.000000;0.000650;0.055532;-0.000000;0.000000;-0.000000;-0.000000;
80;11.7211;0.945252;0.008589;0.999960;-0.002613;0.807052;0.964476;-0.007594;0.264062;2.002159;0.264032;-0.004788;-0.964502;0.415061;0.008616;0.999959;-0.002686;0.807053;0.963506;-0.007584;0.267580;2.000530;0.267548;-0.004893;-0.963532;0.414621;-0.025165;-0.000000;-0.000000;0.002034;0.000000;0.000000;0.000510;0.056426;-0.000000;-0.002337;0.014906;0.000000;
81;11.7891;0.942504;0.008627;0.999959;-0.002766;0.807036;0.963645;-0.007575;0.267079;2.000714;0.267047;-0.004970;-0.963671;0.414658;0.008625;0.999959;-0.002693;0.807040;0.962601;-0.007574;0.270817;1.999082;0.270786;-0.004928;-0.962627;0.414219;-0.025044;-0.000000;-0.000000;0.002022;0.000000;0.000000;0.000602;0.056024;-0.000000;0.001527;-0.006714;-0.000000;
82;11.842;0.942511;0.008582;0.999959;-0.002766;0.807031;0.962760;-0.007515;0.270253;1.999303;0.270221;-0.004983;-0.962785;0.414268;0.008634;0.999959;-0.002701;0.807027;0.961715;-0.007564;0.273948;1.997642;0.273916;-0.004963;-0.961741;0.413814;-0.024923;-0.000000;-0.000000;0.002011;0.000000;0.000000;0.000599;0.054229;-0.000000;-0.000047;-0.029914;-0.000000;
83;11.902;0.937081;0.008636;0.999959;-0.002816;0.807030;0.961895;-0.007537;0.273316;1.997847;0.273284;-0.005069;-0.961920;0.413811;0.008643;0.999959;-0.002707;0.807015;0.960811;-0.007555;0.277100;1.996211;0.277069;-0.004995;-0.960837;0.413407;-0.024804;-0.000000;-0.000000;0.001999;0.000000;0.000000;0.000568;0.054653;-0.000000;-0.000519;0.007068;0.000000;
84;11.9619;0.943429;0.008576;0.999960;-0.002649;0.807019;0.960896;-0.007507;0.276806;1.996417;0.276775;-0.004919;-0.960922;0.413439;0.008652;0.999959;-0.002722;0.807002;0.959930;-0.007543;0.280140;1.994788;0.280108;-0.005037;-0.959955;0.412996;-0.024684;-0.000000;-0.000000;0.001988;-0.000000;0.000000;0.000716;0.052739;-0.000000;0.002464;-0.031892;-0.000000;
85;12.0338;0.947380;0.008524;0.999960;-0.002699;0.807002;0.960092;-0.007430;0.279584;1.995069;0.279553;-0.004975;-0.960117;0.413102;0.008660;0.999959;-0.002737;0.806989;0.959040;-0.007531;0.283169;1.993373;0.283137;-0.005077;-0.959066;0.412583;-0.024566;-0.000000;-0.000000;0.001976;0.000000;0.000000;0.000696;0.052622;-0.000000;-0.000319;-0.001961;0.000000;
86;12.0937;0.939559;0.008644;0.999959;-0.002630;0.806994;0.959111;-0.007547;0.282928;1.993584;0.282897;-0.004968;-0.959137;0.412663;0.008669;0.999959;-0.002754;0.806976;0.958148;-0.007518;0.286175;1.991966;0.286143;-0.005119;-0.958173;0.412168;-0.024448;-0.000000;-0.000000;0.001965;0.000000;0.000000;0.000742;0.052259;-0.000000;0.000767;-0.006037;-0.000000;
87;12.1537;0.939559;0.008651;0.999959;-0.002742;0.806985;0.958273;-0.007507;0.285756;1.992180;0.285723;-0.005100;-0.958299;0.412213;0.008678;0.999959;-0.002771;0.806964;0.957246;-0.007505;0.289179;1.990568;0.289146;-0.005162;-0.957271;0.411750;-0.024331;-0.000000;-0.000000;0.001954;-0.000000;0.000000;0.000742;0.052259;-0.000000;0.000000;0.000000;-0.000000;
88;12.2138;0.939559;0.008660;0.999959;-0.002757;0.806975;0.957387;-0.007495;0.288710;1.990749;0.288678;-0.005140;-0.957412;0.411810;0.008686;0.999958;-0.002789;0.806951;0.956334;-0.007492;0.292179;1.989177;0.292146;-0.005205;-0.956360;0.411330;-0.024214;-0.000000;-0.000000;0.001943;0.000000;0.000000;0.000742;0.052259;-0.000000;0.000000;-0.000000;-0.000000;
89;12.2737;0.945307;0.008686;0.999958;-0.002788;0.806966;0.956449;-0.007495;0.291803;1.989353;0.291770;-0.005201;-0.956474;0.411334;0.008695;0.999958;-0.002815;0.806938;0.955399;-0.007477;0.295223;1.987794;0.295190;-0.005256;-0.955424;0.410908;-0.024098;-0.000000;-0.000000;0.001932;0.000000;0.000000;0.000902;0.053072;-0.000000;0.002655;0.013536;-0.000000;
90;12.3337;0.945220;0.008675;0.999958;-0.002787;0.806955;0.955508;-0.007467;0.294870;1.987956;0.294837;-0.005221;-0.955533;0.410958;0.008704;0.999958;-0.002831;0.806926;0.954436;-0.007464;0.298323;1.986419;0.298289;-0.005298;-0.954461;0.410483;-0.023983;-0.000000;-0.000000;0.001920;0.000000;0.000000;0.000730;0.054094;-0.000000;-0.002864;0.017033;0.000000;
91;12.3938;0.945220;0.008691;0.999958;-0.002789;0.806939;0.954556;-0.007466;0.297937;1.986569;0.297904;-0.005252;-0.954582;0.410551;0.008714;0.999958;-0.002846;0.806914;0.953463;-0.007450;0.301419;1.985052;0.301386;-0.005340;-0.953487;0.410056;-0.023868;-0.000000;-0.000000;0.001909;-0.000000;0.000000;0.000730;0.054094;-0.000000;0.000000;-0.000000;-0.000000;
92;12.4539;0.945618;0.008667;0.999958;-0.002822;0.806925;0.953606;-0.007416;0.300965;1.985216;0.300931;-0.005299;-0.953631;0.410108;0.008722;0.999958;-0.002852;0.806901;0.952526;-0.007440;0.304367;1.983694;0.304333;-0.005372;-0.952551;0.409626;-0.023754;-0.000000;-0.000000;0.001898;-0.000000;0.000000;0.000554;0.051539;-0.000000;-0.002933;-0.042583;0.000000;
93;12.5275;0.945618;0.008698;0.999958;-0.002872;0.806903;0.952638;-0.007413;0.304015;1.983856;0.303981;-0.005380;-0.952663;0.409659;0.008731;0.999958;-0.002859;0.806889;0.951580;-0.007430;0.307311;1.982342;0.307277;-0.005403;-0.951605;0.409195;-0.023641;-0.000000;-0.000000;0.001887;0.000000;0.000000;0.000554;0.051539;-0.000000;0.000000;-0.000000;-0.000000;
94;12.5799;0.947718;0.008601;0.999959;-0.002835;0.806872;0.951729;-0.007316;0.306851;1.982559;0.306818;-0.005337;-0.951753;0.409242;0.008740;0.999958;-0.002859;0.806876;0.950637;-0.007422;0.310218;1.980999;0.310183;-0.005430;-0.950661;0.408761;-0.023529;-0.000000;-0.000000;0.001877;0.000000;0.000000;0.000460;0.050931;-0.000000;-0.001574;-0.010128;0.000000;
95;12.6401;0.943999;0.008703;0.999958;-0.002897;0.806870;0.950785;-0.007378;0.309763;1.981194;0.309729;-0.005450;-0.950809;0.408789;0.008749;0.999958;-0.002872;0.806864;0.949693;-0.007410;0.313094;1.979663;0.313060;-0.005467;-0.949718;0.408325;-0.023417;-0.000000;-0.000000;0.001866;-0.000000;0.000000;0.000648;0.050452;-0.000000;0.003139;-0.007974;-0.000000;
96;12.6999;0.943999;0.008728;0.999958;-0.002915;0.806855;0.949860;-0.007380;0.312588;1.979867;0.312553;-0.005497;-0.949884;0.408402;0.008757;0.999957;-0.002884;0.806852;0.948741;-0.007397;0.315968;1.978335;0.315933;-0.005503;-0.948766;0.407887;-0.023305;-0.000000;-0.000000;0.001855;-0.000000;0.000000;0.000648;0.050452;-0.000000;0.000000;0.000000;-0.000000;
97;12.7599;0.936026;0.008730;0.999958;-0.002930;0.806862;0.948894;-0.007359;0.315509;1.978536;0.315474;-0.005535;-0.948918;0.407919;0.008766;0.999957;-0.002864;0.806840;0.947770;-0.007395;0.318868;1.977015;0.318833;-0.005509;-0.947795;0.407448;-0.023195;-0.000000;-0.000000;0.001844;0.000000;0.000000;0.000105;0.050972;-0.000000;-0.009054;0.008666;0.000000;
98;12.8198;0.939665;0.008692;0.999958;-0.002853;0.806864;0.947870;-0.007331;0.318573;1.977206;0.318539;-0.005473;-0.947894;0.407526;0.008775;0.999957;-0.002847;0.806828;0.946791;-0.007392;0.321763;1.975702;0.321729;-0.005519;-0.946816;0.407006;-0.023085;-0.000000;-0.000000;0.001834;0.000000;0.000000;0.000174;0.050938;-0.000000;0.001162;-0.000567;-0.000000;
99;12.8838;0.947210;0.008660;0.999959;-0.002804;0.806854;0.946902;-0.007299;0.321441;1.975930;0.321407;-0.005439;-0.946926;0.407064;0.008783;0.999957;-0.002858;0.806815;0.945822;-0.007380;0.324602;1.974397;0.324567;-0.005554;-0.945846;0.406563;-0.022975;-0.000000;-0.000000;0.001823;0.000000;0.000000;0.000620;0.049996;-0.000000;0.007426;-0.015710;-0.000000;
100;12.9438;0.945734;0.008726;0.999958;-0.002878;0.806840;0.945976;-0.007322;0.324153;1.974592;0.324119;-0.005551;-0.946000;0.406594;0.008792;0.999957;-0.002912;0.806803;0.944890;-0.007354;0.327305;1.973100;0.327269;-0.005629;-0.944914;0.406117;-0.022866;-0.000000;-0.000000;0.001813;0.000000;0.000000;0.001319;0.047637;-0.000000;0.011644;-0.039309;-0.000000;
101;13.0075;0.947647;0.008799;0.999957;-0.002966;0.806808;0.945062;-0.007347;0.326809;1.973264;0.326773;-0.005679;-0.945086;0.406147;0.008800;0.999957;-0.002968;0.806791;0.943948;-0.007328;0.330014;1.971809;0.329978;-0.005706;-0.943971;0.405670;-0.022758;-0.000000;-0.000000;0.001802;0.000000;0.000000;0.001354;0.047799;-0.000000;0.000587;0.002697;-0.000000;
102;13.0747;0.947074;0.008815;0.999957;-0.002998;0.806794;0.944083;-0.007335;0.329628;1.971979;0.329591;-0.005736;-0.944106;0.405711;0.008808;0.999957;-0.003038;0.806779;0.943028;-0.007296;0.332633;1.970526;0.332596;-0.005795;-0.943051;0.405222;-0.022651;-0.000000;-0.000000;0.001792;-0.000000;0.000000;0.001570;0.046253;-0.000000;0.003606;-0.025770;-0.000000;
103;13.1293;0.943006;0.008769;0.999957;-0.003015;0.806781;0.943144;-0.007269;0.332306;1.970711;0.332269;-0.005757;-0.943167;0.405295;0.008817;0.999956;-0.003086;0.806768;0.942079;-0.007272;0.335311;1.969251;0.335274;-0.005864;-0.942102;0.404772;-0.022544;-0.000000;-0.000000;0.001782;0.000000;0.000000;0.001221;0.047343;-0.000000;-0.005817;0.018164;0.000000;
104;13.1858;0.950265;0.008802;0.999957;-0.002982;0.806786;0.942156;-0.007294;0.335096;1.969386;0.335060;-0.005759;-0.942179;0.404834;0.008826;0.999956;-0.003139;0.806756;0.941143;-0.007246;0.337932;1.967983;0.337894;-0.005937;-0.941165;0.404321;-0.022438;-0.000000;-0.000000;0.001772;0.000000;0.000000;0.001288;0.046375;-0.000000;0.001110;-0.016122;-0.000000;
105;13.2458;0.948654;0.008838;0.999956;-0.003220;0.806770;0.941286;-0.007233;0.337532;1.968144;0.337494;-0.006014;-0.941308;0.404339;0.008835;0.999956;-0.003189;0.806744;0.940178;-0.007220;0.340607;1.966722;0.340569;-0.006007;-0.940200;0.403868;-0.022332;-0.000000;-0.000000;0.001761;-0.000000;0.000000;0.001250;0.047398;-0.000000;-0.000634;0.017042;0.000000;
106;13.3093;0.948654;0.008839;0.999956;-0.003152;0.806733;0.940334;-0.007240;0.340177;1.966869;0.340139;-0.005971;-0.940356;0.403911;0.008844;0.999956;-0.003239;0.806732;0.939206;-0.007195;0.343280;1.965468;0.343242;-0.006078;-0.939227;0.403414;-0.022227;-0.000000;-0.000000;0.001751;0.000000;0.000000;0.001250;0.047398;-0.000000;0.000000;0.000000;-0.000000;
107;13.3848;0.946353;0.008825;0.999956;-0.003220;0.806731;0.939331;-0.007186;0.342936;1.965625;0.342898;-0.006051;-0.939353;0.403456;0.008853;0.999955;-0.003262;0.806720;0.938204;-0.007178;0.346007;1.964221;0.345969;-0.006123;-0.938226;0.402958;-0.022122;-0.000000;-0.000000;0.001741;0.000000;0.000000;0.000810;0.048417;-0.000000;-0.007335;0.016977;0.000000;
108;13.4417;0.946188;0.008754;0.999956;-0.003231;0.806736;0.938383;-0.007099;0.345525;1.964451;0.345487;-0.006057;-0.938404;0.403047;0.008862;0.999955;-0.003309;0.806709;0.937235;-0.007153;0.348625;1.962982;0.348586;-0.006191;-0.937257;0.402501;-0.022018;-0.000000;-0.000000;0.001731;0.000000;0.000000;0.001196;0.046512;-0.000000;0.006437;-0.031745;-0.000000;
